-1 -4.930508e+00
-9.990000e-01 -4.930425e+00
-9.980000e-01 -4.930342e+00
-9.970000e-01 -4.930259e+00
-9.960000e-01 -4.930175e+00
-9.950000e-01 -4.930090e+00
-9.940000e-01 -4.930005e+00
-9.930000e-01 -4.929919e+00
-9.920000e-01 -4.929832e+00
-9.910000e-01 -4.929745e+00
-9.900000e-01 -4.929657e+00
-9.890000e-01 -4.929568e+00
-9.880000e-01 -4.929479e+00
-9.870000e-01 -4.929389e+00
-9.860000e-01 -4.929298e+00
-9.850000e-01 -4.929207e+00
-9.840000e-01 -4.929115e+00
-9.830000e-01 -4.929022e+00
-9.820000e-01 -4.928929e+00
-9.810000e-01 -4.928835e+00
-9.800000e-01 -4.928740e+00
-9.790000e-01 -4.928644e+00
-9.780000e-01 -4.928548e+00
-9.770000e-01 -4.928451e+00
-9.760000e-01 -4.928353e+00
-9.750000e-01 -4.928255e+00
-9.740000e-01 -4.928156e+00
-9.730000e-01 -4.928056e+00
-9.720000e-01 -4.927955e+00
-9.710000e-01 -4.927854e+00
-9.700000e-01 -4.927752e+00
-9.690000e-01 -4.927649e+00
-9.680000e-01 -4.927545e+00
-9.670000e-01 -4.927440e+00
-9.660000e-01 -4.927335e+00
-9.650000e-01 -4.927229e+00
-9.640000e-01 -4.927122e+00
-9.630000e-01 -4.927015e+00
-9.620000e-01 -4.926906e+00
-9.610000e-01 -4.926797e+00
-9.600000e-01 -4.926687e+00
-9.590000e-01 -4.926576e+00
-9.580000e-01 -4.926464e+00
-9.570000e-01 -4.926351e+00
-9.560000e-01 -4.926238e+00
-9.550000e-01 -4.926124e+00
-9.540000e-01 -4.926009e+00
-9.530000e-01 -4.925893e+00
-9.520000e-01 -4.925776e+00
-9.510000e-01 -4.925658e+00
-9.500000e-01 -4.925539e+00
-9.490000e-01 -4.925420e+00
-9.480000e-01 -4.925299e+00
-9.470000e-01 -4.925178e+00
-9.460000e-01 -4.925056e+00
-9.450000e-01 -4.924933e+00
-9.440000e-01 -4.924809e+00
-9.430000e-01 -4.924684e+00
-9.420000e-01 -4.924558e+00
-9.410000e-01 -4.924431e+00
-9.400000e-01 -4.924303e+00
-9.390000e-01 -4.924174e+00
-9.380000e-01 -4.924044e+00
-9.370000e-01 -4.923914e+00
-9.360000e-01 -4.923782e+00
-9.350000e-01 -4.923649e+00
-9.340000e-01 -4.923515e+00
-9.330000e-01 -4.923381e+00
-9.320000e-01 -4.923245e+00
-9.310000e-01 -4.923108e+00
-9.300000e-01 -4.922971e+00
-9.290000e-01 -4.922832e+00
-9.280000e-01 -4.922692e+00
-9.270000e-01 -4.922551e+00
-9.260000e-01 -4.922409e+00
-9.250000e-01 -4.922266e+00
-9.240000e-01 -4.922122e+00
-9.230000e-01 -4.921977e+00
-9.220000e-01 -4.921831e+00
-9.210000e-01 -4.921684e+00
-9.200000e-01 -4.921535e+00
-9.190000e-01 -4.921386e+00
-9.180000e-01 -4.921235e+00
-9.170000e-01 -4.921083e+00
-9.160000e-01 -4.920930e+00
-9.150000e-01 -4.920776e+00
-9.140000e-01 -4.920621e+00
-9.130000e-01 -4.920465e+00
-9.120000e-01 -4.920307e+00
-9.110000e-01 -4.920148e+00
-9.100000e-01 -4.919988e+00
-9.090000e-01 -4.919827e+00
-9.080000e-01 -4.919665e+00
-9.070000e-01 -4.919501e+00
-9.060000e-01 -4.919337e+00
-9.050000e-01 -4.919171e+00
-9.040000e-01 -4.919003e+00
-9.030000e-01 -4.918835e+00
-9.020000e-01 -4.918665e+00
-9.010000e-01 -4.918494e+00
-9.000000e-01 -4.918322e+00
-8.990000e-01 -4.918148e+00
-8.980000e-01 -4.917974e+00
-8.970000e-01 -4.917797e+00
-8.960000e-01 -4.917620e+00
-8.950000e-01 -4.917441e+00
-8.940000e-01 -4.917261e+00
-8.930000e-01 -4.917079e+00
-8.920000e-01 -4.916896e+00
-8.910000e-01 -4.916712e+00
-8.900000e-01 -4.916527e+00
-8.890000e-01 -4.916340e+00
-8.880000e-01 -4.916151e+00
-8.870000e-01 -4.915961e+00
-8.860000e-01 -4.915770e+00
-8.850000e-01 -4.915577e+00
-8.840000e-01 -4.915383e+00
-8.830000e-01 -4.915188e+00
-8.820000e-01 -4.914991e+00
-8.810000e-01 -4.914792e+00
-8.800000e-01 -4.914592e+00
-8.790000e-01 -4.914391e+00
-8.780000e-01 -4.914188e+00
-8.770000e-01 -4.913983e+00
-8.760000e-01 -4.913777e+00
-8.750000e-01 -4.913570e+00
-8.740000e-01 -4.913361e+00
-8.730000e-01 -4.913150e+00
-8.720000e-01 -4.912938e+00
-8.710000e-01 -4.912724e+00
-8.700000e-01 -4.912508e+00
-8.690000e-01 -4.912291e+00
-8.680000e-01 -4.912073e+00
-8.670000e-01 -4.911852e+00
-8.660000e-01 -4.911630e+00
-8.650000e-01 -4.911407e+00
-8.640000e-01 -4.911182e+00
-8.630000e-01 -4.910955e+00
-8.620000e-01 -4.910726e+00
-8.610000e-01 -4.910496e+00
-8.600000e-01 -4.910264e+00
-8.590000e-01 -4.910030e+00
-8.580000e-01 -4.909794e+00
-8.570000e-01 -4.909557e+00
-8.560000e-01 -4.909318e+00
-8.550000e-01 -4.909077e+00
-8.540000e-01 -4.908834e+00
-8.530000e-01 -4.908590e+00
-8.520000e-01 -4.908343e+00
-8.510000e-01 -4.908095e+00
-8.500000e-01 -4.907845e+00
-8.490000e-01 -4.907593e+00
-8.480000e-01 -4.907340e+00
-8.470000e-01 -4.907084e+00
-8.460000e-01 -4.906827e+00
-8.450000e-01 -4.906567e+00
-8.440000e-01 -4.906306e+00
-8.430000e-01 -4.906042e+00
-8.420000e-01 -4.905777e+00
-8.410000e-01 -4.905510e+00
-8.400000e-01 -4.905240e+00
-8.390000e-01 -4.904969e+00
-8.380000e-01 -4.904696e+00
-8.370000e-01 -4.904421e+00
-8.360000e-01 -4.904143e+00
-8.350000e-01 -4.903864e+00
-8.340000e-01 -4.903582e+00
-8.330000e-01 -4.903298e+00
-8.320000e-01 -4.903013e+00
-8.310000e-01 -4.902725e+00
-8.300000e-01 -4.902435e+00
-8.290000e-01 -4.902143e+00
-8.280000e-01 -4.901848e+00
-8.270000e-01 -4.901552e+00
-8.260000e-01 -4.901253e+00
-8.250000e-01 -4.900952e+00
-8.240000e-01 -4.900649e+00
-8.230000e-01 -4.900343e+00
-8.220000e-01 -4.900035e+00
-8.210000e-01 -4.899725e+00
-8.200000e-01 -4.899413e+00
-8.190000e-01 -4.899098e+00
-8.180000e-01 -4.898781e+00
-8.170000e-01 -4.898462e+00
-8.160000e-01 -4.898140e+00
-8.150000e-01 -4.897816e+00
-8.140000e-01 -4.897489e+00
-8.130000e-01 -4.897160e+00
-8.120000e-01 -4.896829e+00
-8.110000e-01 -4.896495e+00
-8.100000e-01 -4.896158e+00
-8.090000e-01 -4.895819e+00
-8.080000e-01 -4.895478e+00
-8.070000e-01 -4.895134e+00
-8.060000e-01 -4.894787e+00
-8.050000e-01 -4.894438e+00
-8.040000e-01 -4.894087e+00
-8.030000e-01 -4.893732e+00
-8.020000e-01 -4.893375e+00
-8.010000e-01 -4.893016e+00
-8.000000e-01 -4.892653e+00
-7.990000e-01 -4.892288e+00
-7.980000e-01 -4.891921e+00
-7.970000e-01 -4.891550e+00
-7.960000e-01 -4.891177e+00
-7.950000e-01 -4.890801e+00
-7.940000e-01 -4.890423e+00
-7.930000e-01 -4.890041e+00
-7.920000e-01 -4.889657e+00
-7.910000e-01 -4.889269e+00
-7.900000e-01 -4.888879e+00
-7.890000e-01 -4.888486e+00
-7.880000e-01 -4.888090e+00
-7.870000e-01 -4.887691e+00
-7.860000e-01 -4.887290e+00
-7.850000e-01 -4.886885e+00
-7.840000e-01 -4.886477e+00
-7.830000e-01 -4.886066e+00
-7.820000e-01 -4.885652e+00
-7.810000e-01 -4.885235e+00
-7.800000e-01 -4.884815e+00
-7.790000e-01 -4.884392e+00
-7.780000e-01 -4.883966e+00
-7.770000e-01 -4.883536e+00
-7.760000e-01 -4.883104e+00
-7.750000e-01 -4.882668e+00
-7.740000e-01 -4.882229e+00
-7.730000e-01 -4.881786e+00
-7.720000e-01 -4.881341e+00
-7.710000e-01 -4.880892e+00
-7.700000e-01 -4.880440e+00
-7.690000e-01 -4.879984e+00
-7.680000e-01 -4.879525e+00
-7.670000e-01 -4.879063e+00
-7.660000e-01 -4.878597e+00
-7.650000e-01 -4.878128e+00
-7.640000e-01 -4.877655e+00
-7.630000e-01 -4.877179e+00
-7.620000e-01 -4.876699e+00
-7.610000e-01 -4.876216e+00
-7.600000e-01 -4.875729e+00
-7.590000e-01 -4.875239e+00
-7.580000e-01 -4.874744e+00
-7.570000e-01 -4.874247e+00
-7.560000e-01 -4.873745e+00
-7.550000e-01 -4.873240e+00
-7.540000e-01 -4.872731e+00
-7.530000e-01 -4.872219e+00
-7.520000e-01 -4.871702e+00
-7.510000e-01 -4.871182e+00
-7.500000e-01 -4.870658e+00
-7.490000e-01 -4.870130e+00
-7.480000e-01 -4.869598e+00
-7.470000e-01 -4.869063e+00
-7.460000e-01 -4.868523e+00
-7.450000e-01 -4.867979e+00
-7.440000e-01 -4.867431e+00
-7.430000e-01 -4.866880e+00
-7.420000e-01 -4.866324e+00
-7.410000e-01 -4.865764e+00
-7.400000e-01 -4.865200e+00
-7.390000e-01 -4.864632e+00
-7.380000e-01 -4.864059e+00
-7.370000e-01 -4.863482e+00
-7.360000e-01 -4.862902e+00
-7.350000e-01 -4.862316e+00
-7.340000e-01 -4.861727e+00
-7.330000e-01 -4.861133e+00
-7.320000e-01 -4.860535e+00
-7.310000e-01 -4.859932e+00
-7.300000e-01 -4.859325e+00
-7.290000e-01 -4.858714e+00
-7.280000e-01 -4.858098e+00
-7.270000e-01 -4.857477e+00
-7.260000e-01 -4.856852e+00
-7.250000e-01 -4.856222e+00
-7.240000e-01 -4.855588e+00
-7.230000e-01 -4.854949e+00
-7.220000e-01 -4.854305e+00
-7.210000e-01 -4.853657e+00
-7.200000e-01 -4.853003e+00
-7.190000e-01 -4.852345e+00
-7.180000e-01 -4.851683e+00
-7.170000e-01 -4.851015e+00
-7.160000e-01 -4.850342e+00
-7.150000e-01 -4.849665e+00
-7.140000e-01 -4.848982e+00
-7.130000e-01 -4.848294e+00
-7.120000e-01 -4.847602e+00
-7.110000e-01 -4.846904e+00
-7.100000e-01 -4.846201e+00
-7.090000e-01 -4.845493e+00
-7.080000e-01 -4.844780e+00
-7.070000e-01 -4.844062e+00
-7.060000e-01 -4.843338e+00
-7.050000e-01 -4.842609e+00
-7.040000e-01 -4.841875e+00
-7.030000e-01 -4.841135e+00
-7.020000e-01 -4.840390e+00
-7.010000e-01 -4.839639e+00
-7.000000e-01 -4.838883e+00
-6.990000e-01 -4.838121e+00
-6.980000e-01 -4.837354e+00
-6.970000e-01 -4.836581e+00
-6.960000e-01 -4.835803e+00
-6.950000e-01 -4.835019e+00
-6.940000e-01 -4.834229e+00
-6.930000e-01 -4.833433e+00
-6.920000e-01 -4.832632e+00
-6.910000e-01 -4.831824e+00
-6.900000e-01 -4.831011e+00
-6.890000e-01 -4.830192e+00
-6.880000e-01 -4.829366e+00
-6.870000e-01 -4.828535e+00
-6.860000e-01 -4.827698e+00
-6.850000e-01 -4.826854e+00
-6.840000e-01 -4.826005e+00
-6.830000e-01 -4.825149e+00
-6.820000e-01 -4.824287e+00
-6.810000e-01 -4.823419e+00
-6.800000e-01 -4.822544e+00
-6.790000e-01 -4.821663e+00
-6.780000e-01 -4.820776e+00
-6.770000e-01 -4.819882e+00
-6.760000e-01 -4.818981e+00
-6.750000e-01 -4.818074e+00
-6.740000e-01 -4.817161e+00
-6.730000e-01 -4.816241e+00
-6.720000e-01 -4.815314e+00
-6.710000e-01 -4.814380e+00
-6.700000e-01 -4.813439e+00
-6.690000e-01 -4.812492e+00
-6.680000e-01 -4.811538e+00
-6.670000e-01 -4.810577e+00
-6.660000e-01 -4.809609e+00
-6.650000e-01 -4.808634e+00
-6.640000e-01 -4.807651e+00
-6.630000e-01 -4.806662e+00
-6.620000e-01 -4.805665e+00
-6.610000e-01 -4.804662e+00
-6.600000e-01 -4.803651e+00
-6.590000e-01 -4.802632e+00
-6.580000e-01 -4.801606e+00
-6.570000e-01 -4.800573e+00
-6.560000e-01 -4.799532e+00
-6.550000e-01 -4.798484e+00
-6.540000e-01 -4.797428e+00
-6.530000e-01 -4.796365e+00
-6.520000e-01 -4.795294e+00
-6.510000e-01 -4.794215e+00
-6.500000e-01 -4.793128e+00
-6.490000e-01 -4.792033e+00
-6.480000e-01 -4.790931e+00
-6.470000e-01 -4.789820e+00
-6.460000e-01 -4.788702e+00
-6.450000e-01 -4.787575e+00
-6.440000e-01 -4.786441e+00
-6.430000e-01 -4.785298e+00
-6.420000e-01 -4.784147e+00
-6.410000e-01 -4.782987e+00
-6.400000e-01 -4.781819e+00
-6.390000e-01 -4.780643e+00
-6.380000e-01 -4.779458e+00
-6.370000e-01 -4.778265e+00
-6.360000e-01 -4.777063e+00
-6.350000e-01 -4.775853e+00
-6.340000e-01 -4.774634e+00
-6.330000e-01 -4.773406e+00
-6.320000e-01 -4.772169e+00
-6.310000e-01 -4.770923e+00
-6.300000e-01 -4.769668e+00
-6.290000e-01 -4.768405e+00
-6.280000e-01 -4.767132e+00
-6.270000e-01 -4.765850e+00
-6.260000e-01 -4.764559e+00
-6.250000e-01 -4.763259e+00
-6.240000e-01 -4.761949e+00
-6.230000e-01 -4.760630e+00
-6.220000e-01 -4.759301e+00
-6.210000e-01 -4.757963e+00
-6.200000e-01 -4.756616e+00
-6.190000e-01 -4.755259e+00
-6.180000e-01 -4.753892e+00
-6.170000e-01 -4.752515e+00
-6.160000e-01 -4.751128e+00
-6.150000e-01 -4.749732e+00
-6.140000e-01 -4.748325e+00
-6.130000e-01 -4.746909e+00
-6.120000e-01 -4.745482e+00
-6.110000e-01 -4.744045e+00
-6.100000e-01 -4.742598e+00
-6.090000e-01 -4.741141e+00
-6.080000e-01 -4.739673e+00
-6.070000e-01 -4.738195e+00
-6.060000e-01 -4.736706e+00
-6.050000e-01 -4.735207e+00
-6.040000e-01 -4.733697e+00
-6.030000e-01 -4.732176e+00
-6.020000e-01 -4.730644e+00
-6.010000e-01 -4.729102e+00
-6.000000e-01 -4.727549e+00
-5.990000e-01 -4.725984e+00
-5.980000e-01 -4.724409e+00
-5.970000e-01 -4.722822e+00
-5.960000e-01 -4.721224e+00
-5.950000e-01 -4.719615e+00
-5.940000e-01 -4.717994e+00
-5.930000e-01 -4.716362e+00
-5.920000e-01 -4.714718e+00
-5.910000e-01 -4.713063e+00
-5.900000e-01 -4.711396e+00
-5.890000e-01 -4.709717e+00
-5.880000e-01 -4.708026e+00
-5.870000e-01 -4.706324e+00
-5.860000e-01 -4.704609e+00
-5.850000e-01 -4.702882e+00
-5.840000e-01 -4.701143e+00
-5.830000e-01 -4.699392e+00
-5.820000e-01 -4.697629e+00
-5.810000e-01 -4.695853e+00
-5.800000e-01 -4.694064e+00
-5.790000e-01 -4.692264e+00
-5.780000e-01 -4.690450e+00
-5.770000e-01 -4.688624e+00
-5.760000e-01 -4.686784e+00
-5.750000e-01 -4.684932e+00
-5.740000e-01 -4.683067e+00
-5.730000e-01 -4.681189e+00
-5.720000e-01 -4.679298e+00
-5.710000e-01 -4.677393e+00
-5.700000e-01 -4.675475e+00
-5.690000e-01 -4.673544e+00
-5.680000e-01 -4.671599e+00
-5.670000e-01 -4.669641e+00
-5.660000e-01 -4.667669e+00
-5.650000e-01 -4.665683e+00
-5.640000e-01 -4.663683e+00
-5.630000e-01 -4.661670e+00
-5.620000e-01 -4.659642e+00
-5.610000e-01 -4.657600e+00
-5.600000e-01 -4.655545e+00
-5.590000e-01 -4.653474e+00
-5.580000e-01 -4.651390e+00
-5.570000e-01 -4.649291e+00
-5.560000e-01 -4.647177e+00
-5.550000e-01 -4.645049e+00
-5.540000e-01 -4.642906e+00
-5.530000e-01 -4.640748e+00
-5.520000e-01 -4.638575e+00
-5.510000e-01 -4.636387e+00
-5.500000e-01 -4.634184e+00
-5.490000e-01 -4.631966e+00
-5.480000e-01 -4.629732e+00
-5.470000e-01 -4.627483e+00
-5.460000e-01 -4.625219e+00
-5.450000e-01 -4.622939e+00
-5.440000e-01 -4.620643e+00
-5.430000e-01 -4.618331e+00
-5.420000e-01 -4.616004e+00
-5.410000e-01 -4.613660e+00
-5.400000e-01 -4.611301e+00
-5.390000e-01 -4.608925e+00
-5.380000e-01 -4.606533e+00
-5.370000e-01 -4.604124e+00
-5.360000e-01 -4.601699e+00
-5.350000e-01 -4.599258e+00
-5.340000e-01 -4.596800e+00
-5.330000e-01 -4.594325e+00
-5.320000e-01 -4.591833e+00
-5.310000e-01 -4.589324e+00
-5.300000e-01 -4.586798e+00
-5.290000e-01 -4.584255e+00
-5.280000e-01 -4.581694e+00
-5.270000e-01 -4.579116e+00
-5.260000e-01 -4.576521e+00
-5.250000e-01 -4.573907e+00
-5.240000e-01 -4.571277e+00
-5.230000e-01 -4.568628e+00
-5.220000e-01 -4.565961e+00
-5.210000e-01 -4.563277e+00
-5.200000e-01 -4.560574e+00
-5.190000e-01 -4.557853e+00
-5.180000e-01 -4.555113e+00
-5.170000e-01 -4.552355e+00
-5.160000e-01 -4.549579e+00
-5.150000e-01 -4.546783e+00
-5.140000e-01 -4.543969e+00
-5.130000e-01 -4.541136e+00
-5.120000e-01 -4.538284e+00
-5.110000e-01 -4.535413e+00
-5.100000e-01 -4.532523e+00
-5.090000e-01 -4.529613e+00
-5.080000e-01 -4.526684e+00
-5.070000e-01 -4.523735e+00
-5.060000e-01 -4.520766e+00
-5.050000e-01 -4.517778e+00
-5.040000e-01 -4.514770e+00
-5.030000e-01 -4.511741e+00
-5.020000e-01 -4.508693e+00
-5.010000e-01 -4.505624e+00
-5.000000e-01 -4.502535e+00
-4.990000e-01 -4.499425e+00
-4.980000e-01 -4.496295e+00
-4.970000e-01 -4.493143e+00
-4.960000e-01 -4.489972e+00
-4.950000e-01 -4.486779e+00
-4.940000e-01 -4.483565e+00
-4.930000e-01 -4.480329e+00
-4.920000e-01 -4.477073e+00
-4.910000e-01 -4.473795e+00
-4.900000e-01 -4.470495e+00
-4.890000e-01 -4.467174e+00
-4.880000e-01 -4.463831e+00
-4.870000e-01 -4.460466e+00
-4.860000e-01 -4.457079e+00
-4.850000e-01 -4.453670e+00
-4.840000e-01 -4.450239e+00
-4.830000e-01 -4.446785e+00
-4.820000e-01 -4.443308e+00
-4.810000e-01 -4.439809e+00
-4.800000e-01 -4.436288e+00
-4.790000e-01 -4.432743e+00
-4.780000e-01 -4.429175e+00
-4.770000e-01 -4.425584e+00
-4.760000e-01 -4.421970e+00
-4.750000e-01 -4.418333e+00
-4.740000e-01 -4.414672e+00
-4.730000e-01 -4.410987e+00
-4.720000e-01 -4.407279e+00
-4.710000e-01 -4.403546e+00
-4.700000e-01 -4.399790e+00
-4.690000e-01 -4.396010e+00
-4.680000e-01 -4.392205e+00
-4.670000e-01 -4.388376e+00
-4.660000e-01 -4.384522e+00
-4.650000e-01 -4.380644e+00
-4.640000e-01 -4.376741e+00
-4.630000e-01 -4.372813e+00
-4.620000e-01 -4.368860e+00
-4.610000e-01 -4.364882e+00
-4.600000e-01 -4.360879e+00
-4.590000e-01 -4.356850e+00
-4.580000e-01 -4.352796e+00
-4.570000e-01 -4.348716e+00
-4.560000e-01 -4.344611e+00
-4.550000e-01 -4.340479e+00
-4.540000e-01 -4.336322e+00
-4.530000e-01 -4.332138e+00
-4.520000e-01 -4.327928e+00
-4.510000e-01 -4.323692e+00
-4.500000e-01 -4.319429e+00
-4.490000e-01 -4.315139e+00
-4.480000e-01 -4.310823e+00
-4.470000e-01 -4.306479e+00
-4.460000e-01 -4.302109e+00
-4.450000e-01 -4.297712e+00
-4.440000e-01 -4.293287e+00
-4.430000e-01 -4.288835e+00
-4.420000e-01 -4.284355e+00
-4.410000e-01 -4.279847e+00
-4.400000e-01 -4.275312e+00
-4.390000e-01 -4.270749e+00
-4.380000e-01 -4.266157e+00
-4.370000e-01 -4.261538e+00
-4.360000e-01 -4.256890e+00
-4.350000e-01 -4.252213e+00
-4.340000e-01 -4.247508e+00
-4.330000e-01 -4.242775e+00
-4.320000e-01 -4.238012e+00
-4.310000e-01 -4.233221e+00
-4.300000e-01 -4.228400e+00
-4.290000e-01 -4.223551e+00
-4.280000e-01 -4.218671e+00
-4.270000e-01 -4.213763e+00
-4.260000e-01 -4.208825e+00
-4.250000e-01 -4.203857e+00
-4.240000e-01 -4.198859e+00
-4.230000e-01 -4.193831e+00
-4.220000e-01 -4.188773e+00
-4.210000e-01 -4.183685e+00
-4.200000e-01 -4.178567e+00
-4.190000e-01 -4.173418e+00
-4.180000e-01 -4.168238e+00
-4.170000e-01 -4.163028e+00
-4.160000e-01 -4.157787e+00
-4.150000e-01 -4.152514e+00
-4.140000e-01 -4.147211e+00
-4.130000e-01 -4.141877e+00
-4.120000e-01 -4.136511e+00
-4.110000e-01 -4.131114e+00
-4.100000e-01 -4.125685e+00
-4.090000e-01 -4.120224e+00
-4.080000e-01 -4.114732e+00
-4.070000e-01 -4.109207e+00
-4.060000e-01 -4.103651e+00
-4.050000e-01 -4.098062e+00
-4.040000e-01 -4.092441e+00
-4.030000e-01 -4.086788e+00
-4.020000e-01 -4.081102e+00
-4.010000e-01 -4.075383e+00
-4.000000e-01 -4.069632e+00
-3.990000e-01 -4.063847e+00
-3.980000e-01 -4.058030e+00
-3.970000e-01 -4.052180e+00
-3.960000e-01 -4.046296e+00
-3.950000e-01 -4.040379e+00
-3.940000e-01 -4.034428e+00
-3.930000e-01 -4.028444e+00
-3.920000e-01 -4.022426e+00
-3.910000e-01 -4.016375e+00
-3.900000e-01 -4.010289e+00
-3.890000e-01 -4.004170e+00
-3.880000e-01 -3.998016e+00
-3.870000e-01 -3.991828e+00
-3.860000e-01 -3.985606e+00
-3.850000e-01 -3.979349e+00
-3.840000e-01 -3.973057e+00
-3.830000e-01 -3.966731e+00
-3.820000e-01 -3.960371e+00
-3.810000e-01 -3.953975e+00
-3.800000e-01 -3.947544e+00
-3.790000e-01 -3.941079e+00
-3.780000e-01 -3.934578e+00
-3.770000e-01 -3.928042e+00
-3.760000e-01 -3.921470e+00
-3.750000e-01 -3.914863e+00
-3.740000e-01 -3.908221e+00
-3.730000e-01 -3.901543e+00
-3.720000e-01 -3.894829e+00
-3.710000e-01 -3.888079e+00
-3.700000e-01 -3.881293e+00
-3.690000e-01 -3.874472e+00
-3.680000e-01 -3.867614e+00
-3.670000e-01 -3.860720e+00
-3.660000e-01 -3.853790e+00
-3.650000e-01 -3.846823e+00
-3.640000e-01 -3.839820e+00
-3.630000e-01 -3.832780e+00
-3.620000e-01 -3.825704e+00
-3.610000e-01 -3.818591e+00
-3.600000e-01 -3.811442e+00
-3.590000e-01 -3.804255e+00
-3.580000e-01 -3.797032e+00
-3.570000e-01 -3.789771e+00
-3.560000e-01 -3.782474e+00
-3.550000e-01 -3.775139e+00
-3.540000e-01 -3.767768e+00
-3.530000e-01 -3.760359e+00
-3.520000e-01 -3.752912e+00
-3.510000e-01 -3.745428e+00
-3.500000e-01 -3.737907e+00
-3.490000e-01 -3.730349e+00
-3.480000e-01 -3.722752e+00
-3.470000e-01 -3.715118e+00
-3.460000e-01 -3.707447e+00
-3.450000e-01 -3.699737e+00
-3.440000e-01 -3.691990e+00
-3.430000e-01 -3.684205e+00
-3.420000e-01 -3.676383e+00
-3.410000e-01 -3.668522e+00
-3.400000e-01 -3.660623e+00
-3.390000e-01 -3.652686e+00
-3.380000e-01 -3.644712e+00
-3.370000e-01 -3.636699e+00
-3.360000e-01 -3.628648e+00
-3.350000e-01 -3.620558e+00
-3.340000e-01 -3.612431e+00
-3.330000e-01 -3.604266e+00
-3.320000e-01 -3.596062e+00
-3.310000e-01 -3.587820e+00
-3.300000e-01 -3.579539e+00
-3.290000e-01 -3.571220e+00
-3.280000e-01 -3.562863e+00
-3.270000e-01 -3.554468e+00
-3.260000e-01 -3.546034e+00
-3.250000e-01 -3.537562e+00
-3.240000e-01 -3.529051e+00
-3.230000e-01 -3.520502e+00
-3.220000e-01 -3.511915e+00
-3.210000e-01 -3.503289e+00
-3.200000e-01 -3.494625e+00
-3.190000e-01 -3.485922e+00
-3.180000e-01 -3.477182e+00
-3.170000e-01 -3.468402e+00
-3.160000e-01 -3.459584e+00
-3.150000e-01 -3.450728e+00
-3.140000e-01 -3.441834e+00
-3.130000e-01 -3.432901e+00
-3.120000e-01 -3.423930e+00
-3.110000e-01 -3.414921e+00
-3.100000e-01 -3.405873e+00
-3.090000e-01 -3.396787e+00
-3.080000e-01 -3.387663e+00
-3.070000e-01 -3.378501e+00
-3.060000e-01 -3.369301e+00
-3.050000e-01 -3.360062e+00
-3.040000e-01 -3.350786e+00
-3.030000e-01 -3.341471e+00
-3.020000e-01 -3.332119e+00
-3.010000e-01 -3.322729e+00
-3.000000e-01 -3.313300e+00
-2.990000e-01 -3.303834e+00
-2.980000e-01 -3.294331e+00
-2.970000e-01 -3.284789e+00
-2.960000e-01 -3.275211e+00
-2.950000e-01 -3.265594e+00
-2.940000e-01 -3.255940e+00
-2.930000e-01 -3.246249e+00
-2.920000e-01 -3.236520e+00
-2.910000e-01 -3.226755e+00
-2.900000e-01 -3.216952e+00
-2.890000e-01 -3.207112e+00
-2.880000e-01 -3.197235e+00
-2.870000e-01 -3.187321e+00
-2.860000e-01 -3.177371e+00
-2.850000e-01 -3.167384e+00
-2.840000e-01 -3.157360e+00
-2.830000e-01 -3.147300e+00
-2.820000e-01 -3.137204e+00
-2.810000e-01 -3.127071e+00
-2.800000e-01 -3.116902e+00
-2.790000e-01 -3.106698e+00
-2.780000e-01 -3.096457e+00
-2.770000e-01 -3.086181e+00
-2.760000e-01 -3.075869e+00
-2.750000e-01 -3.065522e+00
-2.740000e-01 -3.055139e+00
-2.730000e-01 -3.044721e+00
-2.720000e-01 -3.034269e+00
-2.710000e-01 -3.023781e+00
-2.700000e-01 -3.013259e+00
-2.690000e-01 -3.002702e+00
-2.680000e-01 -2.992111e+00
-2.670000e-01 -2.981485e+00
-2.660000e-01 -2.970825e+00
-2.650000e-01 -2.960132e+00
-2.640000e-01 -2.949405e+00
-2.630000e-01 -2.938644e+00
-2.620000e-01 -2.927850e+00
-2.610000e-01 -2.917023e+00
-2.600000e-01 -2.906162e+00
-2.590000e-01 -2.895269e+00
-2.580000e-01 -2.884344e+00
-2.570000e-01 -2.873386e+00
-2.560000e-01 -2.862396e+00
-2.550000e-01 -2.851373e+00
-2.540000e-01 -2.840319e+00
-2.530000e-01 -2.829234e+00
-2.520000e-01 -2.818117e+00
-2.510000e-01 -2.806969e+00
-2.500000e-01 -2.795790e+00
-2.490000e-01 -2.784581e+00
-2.480000e-01 -2.773341e+00
-2.470000e-01 -2.762071e+00
-2.460000e-01 -2.750771e+00
-2.450000e-01 -2.739441e+00
-2.440000e-01 -2.728082e+00
-2.430000e-01 -2.716693e+00
-2.420000e-01 -2.705276e+00
-2.410000e-01 -2.693830e+00
-2.400000e-01 -2.682355e+00
-2.390000e-01 -2.670853e+00
-2.380000e-01 -2.659322e+00
-2.370000e-01 -2.647764e+00
-2.360000e-01 -2.636179e+00
-2.350000e-01 -2.624566e+00
-2.340000e-01 -2.612927e+00
-2.330000e-01 -2.601261e+00
-2.320000e-01 -2.589569e+00
-2.310000e-01 -2.577852e+00
-2.300000e-01 -2.566108e+00
-2.290000e-01 -2.554340e+00
-2.280000e-01 -2.542546e+00
-2.270000e-01 -2.530728e+00
-2.260000e-01 -2.518885e+00
-2.250000e-01 -2.507018e+00
-2.240000e-01 -2.495128e+00
-2.230000e-01 -2.483214e+00
-2.220000e-01 -2.471277e+00
-2.210000e-01 -2.459317e+00
-2.200000e-01 -2.447335e+00
-2.190000e-01 -2.435331e+00
-2.180000e-01 -2.423305e+00
-2.170000e-01 -2.411258e+00
-2.160000e-01 -2.399190e+00
-2.150000e-01 -2.387101e+00
-2.140000e-01 -2.374992e+00
-2.130000e-01 -2.362863e+00
-2.120000e-01 -2.350714e+00
-2.110000e-01 -2.338546e+00
-2.100000e-01 -2.326359e+00
-2.090000e-01 -2.314154e+00
-2.080000e-01 -2.301930e+00
-2.070000e-01 -2.289689e+00
-2.060000e-01 -2.277430e+00
-2.050000e-01 -2.265154e+00
-2.040000e-01 -2.252862e+00
-2.030000e-01 -2.240554e+00
-2.020000e-01 -2.228229e+00
-2.010000e-01 -2.215889e+00
-2.000000e-01 -2.203535e+00
-1.990000e-01 -2.191165e+00
-1.980000e-01 -2.178782e+00
-1.970000e-01 -2.166384e+00
-1.960000e-01 -2.153973e+00
-1.950000e-01 -2.141549e+00
-1.940000e-01 -2.129113e+00
-1.930000e-01 -2.116664e+00
-1.920000e-01 -2.104204e+00
-1.910000e-01 -2.091732e+00
-1.900000e-01 -2.079249e+00
-1.890000e-01 -2.066756e+00
-1.880000e-01 -2.054252e+00
-1.870000e-01 -2.041739e+00
-1.860000e-01 -2.029217e+00
-1.850000e-01 -2.016686e+00
-1.840000e-01 -2.004147e+00
-1.830000e-01 -1.991600e+00
-1.820000e-01 -1.979045e+00
-1.810000e-01 -1.966483e+00
-1.800000e-01 -1.953915e+00
-1.790000e-01 -1.941341e+00
-1.780000e-01 -1.928761e+00
-1.770000e-01 -1.916175e+00
-1.760000e-01 -1.903585e+00
-1.750000e-01 -1.890991e+00
-1.740000e-01 -1.878392e+00
-1.730000e-01 -1.865790e+00
-1.720000e-01 -1.853186e+00
-1.710000e-01 -1.840578e+00
-1.700000e-01 -1.827969e+00
-1.690000e-01 -1.815358e+00
-1.680000e-01 -1.802746e+00
-1.670000e-01 -1.790133e+00
-1.660000e-01 -1.777520e+00
-1.650000e-01 -1.764907e+00
-1.640000e-01 -1.752295e+00
-1.630000e-01 -1.739684e+00
-1.620000e-01 -1.727075e+00
-1.610000e-01 -1.714468e+00
-1.600000e-01 -1.701864e+00
-1.590000e-01 -1.689262e+00
-1.580000e-01 -1.676664e+00
-1.570000e-01 -1.664070e+00
-1.560000e-01 -1.651481e+00
-1.550000e-01 -1.638896e+00
-1.540000e-01 -1.626317e+00
-1.530000e-01 -1.613743e+00
-1.520000e-01 -1.601176e+00
-1.510000e-01 -1.588616e+00
-1.500000e-01 -1.576063e+00
-1.490000e-01 -1.563518e+00
-1.480000e-01 -1.550981e+00
-1.470000e-01 -1.538453e+00
-1.460000e-01 -1.525933e+00
-1.450000e-01 -1.513424e+00
-1.440000e-01 -1.500924e+00
-1.430000e-01 -1.488435e+00
-1.420000e-01 -1.475958e+00
-1.410000e-01 -1.463491e+00
-1.400000e-01 -1.451037e+00
-1.390000e-01 -1.438595e+00
-1.380000e-01 -1.426165e+00
-1.370000e-01 -1.413750e+00
-1.360000e-01 -1.401347e+00
-1.350000e-01 -1.388960e+00
-1.340000e-01 -1.376587e+00
-1.330000e-01 -1.364229e+00
-1.320000e-01 -1.351886e+00
-1.310000e-01 -1.339560e+00
-1.300000e-01 -1.327251e+00
-1.290000e-01 -1.314958e+00
-1.280000e-01 -1.302683e+00
-1.270000e-01 -1.290425e+00
-1.260000e-01 -1.278186e+00
-1.250000e-01 -1.265966e+00
-1.240000e-01 -1.253765e+00
-1.230000e-01 -1.241584e+00
-1.220000e-01 -1.229423e+00
-1.210000e-01 -1.217282e+00
-1.200000e-01 -1.205162e+00
-1.190000e-01 -1.193064e+00
-1.180000e-01 -1.180987e+00
-1.170000e-01 -1.168933e+00
-1.160000e-01 -1.156902e+00
-1.150000e-01 -1.144893e+00
-1.140000e-01 -1.132908e+00
-1.130000e-01 -1.120948e+00
-1.120000e-01 -1.109011e+00
-1.110000e-01 -1.097099e+00
-1.100000e-01 -1.085213e+00
-1.090000e-01 -1.073352e+00
-1.080000e-01 -1.061517e+00
-1.070000e-01 -1.049708e+00
-1.060000e-01 -1.037926e+00
-1.050000e-01 -1.026172e+00
-1.040000e-01 -1.014445e+00
-1.030000e-01 -1.002745e+00
-1.020000e-01 -9.910747e-01
-1.010000e-01 -9.794327e-01
-1.000000e-01 -9.678198e-01
-9.900000e-02 -9.562363e-01
-9.800000e-02 -9.446828e-01
-9.700000e-02 -9.331594e-01
-9.600000e-02 -9.216666e-01
-9.500000e-02 -9.102048e-01
-9.400000e-02 -8.987743e-01
-9.300000e-02 -8.873754e-01
-9.200000e-02 -8.760085e-01
-9.100000e-02 -8.646739e-01
-9.000000e-02 -8.533721e-01
-8.900000e-02 -8.421033e-01
-8.800000e-02 -8.308678e-01
-8.700000e-02 -8.196660e-01
-8.600000e-02 -8.084982e-01
-8.500000e-02 -7.973647e-01
-8.400000e-02 -7.862659e-01
-8.300000e-02 -7.752020e-01
-8.200000e-02 -7.641735e-01
-8.100000e-02 -7.531804e-01
-8.000000e-02 -7.422233e-01
-7.900000e-02 -7.313023e-01
-7.800000e-02 -7.204178e-01
-7.700000e-02 -7.095700e-01
-7.600000e-02 -6.987592e-01
-7.500000e-02 -6.879857e-01
-7.400000e-02 -6.772499e-01
-7.300000e-02 -6.665518e-01
-7.200000e-02 -6.558919e-01
-7.100000e-02 -6.452703e-01
-7.000000e-02 -6.346874e-01
-6.900000e-02 -6.241433e-01
-6.800000e-02 -6.136384e-01
-6.700000e-02 -6.031728e-01
-6.600000e-02 -5.927468e-01
-6.500000e-02 -5.823607e-01
-6.400000e-02 -5.720146e-01
-6.300000e-02 -5.617088e-01
-6.200000e-02 -5.514435e-01
-6.100000e-02 -5.412189e-01
-6.000000e-02 -5.310353e-01
-5.900000e-02 -5.208927e-01
-5.800000e-02 -5.107915e-01
-5.700000e-02 -5.007318e-01
-5.600000e-02 -4.907138e-01
-5.500000e-02 -4.807378e-01
-5.400000e-02 -4.708038e-01
-5.300000e-02 -4.609120e-01
-5.200000e-02 -4.510627e-01
-5.100000e-02 -4.412559e-01
-5.000000e-02 -4.314919e-01
-4.900000e-02 -4.217708e-01
-4.800000e-02 -4.120928e-01
-4.700000e-02 -4.024580e-01
-4.600000e-02 -3.928665e-01
-4.500000e-02 -3.833185e-01
-4.400000e-02 -3.738141e-01
-4.300000e-02 -3.643535e-01
-4.200000e-02 -3.549367e-01
-4.100000e-02 -3.455639e-01
-4.000000e-02 -3.362353e-01
-3.900000e-02 -3.269508e-01
-3.800000e-02 -3.177106e-01
-3.700000e-02 -3.085149e-01
-3.600000e-02 -2.993637e-01
-3.500000e-02 -2.902570e-01
-3.400000e-02 -2.811951e-01
-3.300000e-02 -2.721779e-01
-3.200000e-02 -2.632056e-01
-3.100000e-02 -2.542782e-01
-3.000000e-02 -2.453958e-01
-2.900000e-02 -2.365584e-01
-2.800000e-02 -2.277661e-01
-2.700000e-02 -2.190190e-01
-2.600000e-02 -2.103171e-01
-2.500000e-02 -2.016605e-01
-2.400000e-02 -1.930491e-01
-2.300000e-02 -1.844831e-01
-2.200000e-02 -1.759625e-01
-2.100000e-02 -1.674872e-01
-2.000000e-02 -1.590574e-01
-1.900000e-02 -1.506730e-01
-1.800000e-02 -1.423341e-01
-1.700000e-02 -1.340407e-01
-1.600000e-02 -1.257927e-01
-1.500000e-02 -1.175902e-01
-1.400000e-02 -1.094332e-01
-1.300000e-02 -1.013216e-01
-1.200000e-02 -9.325551e-02
-1.100000e-02 -8.523486e-02
-1.000000e-02 -7.725966e-02
-9.000000e-03 -6.932986e-02
-8.000000e-03 -6.144545e-02
-7.000000e-03 -5.360641e-02
-6.000000e-03 -4.581269e-02
-5.000000e-03 -3.806426e-02
-4.000000e-03 -3.036109e-02
-3.000000e-03 -2.270312e-02
-2.000000e-03 -1.509032e-02
-1.000000e-03 -7.522631e-03
0 0
1.000000e-03 7.477630e-03
2.000000e-03 1.491032e-02
3.000000e-03 2.229813e-02
4.000000e-03 2.964114e-02
5.000000e-03 3.693941e-02
6.000000e-03 4.419301e-02
7.000000e-03 5.140203e-02
8.000000e-03 5.856654e-02
9.000000e-03 6.568663e-02
1.000000e-02 7.276238e-02
1.100000e-02 7.979389e-02
1.200000e-02 8.678124e-02
1.300000e-02 9.372454e-02
1.400000e-02 1.006239e-01
1.500000e-02 1.074794e-01
1.600000e-02 1.142911e-01
1.700000e-02 1.210592e-01
1.800000e-02 1.277837e-01
1.900000e-02 1.344649e-01
2.000000e-02 1.411027e-01
2.100000e-02 1.476973e-01
2.200000e-02 1.542489e-01
2.300000e-02 1.607575e-01
2.400000e-02 1.672233e-01
2.500000e-02 1.736464e-01
2.600000e-02 1.800269e-01
2.700000e-02 1.863650e-01
2.800000e-02 1.926608e-01
2.900000e-02 1.989145e-01
3.000000e-02 2.051261e-01
3.100000e-02 2.112958e-01
3.200000e-02 2.174239e-01
3.300000e-02 2.235103e-01
3.400000e-02 2.295552e-01
3.500000e-02 2.355589e-01
3.600000e-02 2.415215e-01
3.700000e-02 2.474430e-01
3.800000e-02 2.533237e-01
3.900000e-02 2.591638e-01
4.000000e-02 2.649633e-01
4.100000e-02 2.707224e-01
4.200000e-02 2.764414e-01
4.300000e-02 2.821203e-01
4.400000e-02 2.877593e-01
4.500000e-02 2.933587e-01
4.600000e-02 2.989185e-01
4.700000e-02 3.044389e-01
4.800000e-02 3.099201e-01
4.900000e-02 3.153623e-01
5.000000e-02 3.207657e-01
5.100000e-02 3.261304e-01
5.200000e-02 3.314565e-01
5.300000e-02 3.367444e-01
5.400000e-02 3.419941e-01
5.500000e-02 3.472058e-01
5.600000e-02 3.523797e-01
5.700000e-02 3.575161e-01
5.800000e-02 3.626150e-01
5.900000e-02 3.676767e-01
6.000000e-02 3.727013e-01
6.100000e-02 3.776890e-01
6.200000e-02 3.826400e-01
6.300000e-02 3.875546e-01
6.400000e-02 3.924328e-01
6.500000e-02 3.972749e-01
6.600000e-02 4.020810e-01
6.700000e-02 4.068514e-01
6.800000e-02 4.115863e-01
6.900000e-02 4.162858e-01
7.000000e-02 4.209500e-01
7.100000e-02 4.255793e-01
7.200000e-02 4.301739e-01
7.300000e-02 4.347338e-01
7.400000e-02 4.392592e-01
7.500000e-02 4.437505e-01
7.600000e-02 4.482078e-01
7.700000e-02 4.526312e-01
7.800000e-02 4.570210e-01
7.900000e-02 4.613773e-01
8.000000e-02 4.657004e-01
8.100000e-02 4.699904e-01
8.200000e-02 4.742475e-01
8.300000e-02 4.784720e-01
8.400000e-02 4.826641e-01
8.500000e-02 4.868238e-01
8.600000e-02 4.909515e-01
8.700000e-02 4.950473e-01
8.800000e-02 4.991113e-01
8.900000e-02 5.031439e-01
9.000000e-02 5.071452e-01
9.100000e-02 5.111154e-01
9.200000e-02 5.150547e-01
9.300000e-02 5.189632e-01
9.400000e-02 5.228413e-01
9.500000e-02 5.266889e-01
9.600000e-02 5.305065e-01
9.700000e-02 5.342941e-01
9.800000e-02 5.380520e-01
9.900000e-02 5.417803e-01
1.000000e-01 5.454793e-01
1.010000e-01 5.491491e-01
1.020000e-01 5.527899e-01
1.030000e-01 5.564019e-01
1.040000e-01 5.599853e-01
1.050000e-01 5.635403e-01
1.060000e-01 5.670671e-01
1.070000e-01 5.705659e-01
1.080000e-01 5.740369e-01
1.090000e-01 5.774802e-01
1.100000e-01 5.808961e-01
1.110000e-01 5.842846e-01
1.120000e-01 5.876462e-01
1.130000e-01 5.909808e-01
1.140000e-01 5.942887e-01
1.150000e-01 5.975701e-01
1.160000e-01 6.008252e-01
1.170000e-01 6.040541e-01
1.180000e-01 6.072571e-01
1.190000e-01 6.104343e-01
1.200000e-01 6.135858e-01
1.210000e-01 6.167120e-01
1.220000e-01 6.198130e-01
1.230000e-01 6.228888e-01
1.240000e-01 6.259399e-01
1.250000e-01 6.289662e-01
1.260000e-01 6.319680e-01
1.270000e-01 6.349455e-01
1.280000e-01 6.378988e-01
1.290000e-01 6.408282e-01
1.300000e-01 6.437338e-01
1.310000e-01 6.466157e-01
1.320000e-01 6.494742e-01
1.330000e-01 6.523094e-01
1.340000e-01 6.551215e-01
1.350000e-01 6.579106e-01
1.360000e-01 6.606770e-01
1.370000e-01 6.634208e-01
1.380000e-01 6.661422e-01
1.390000e-01 6.688413e-01
1.400000e-01 6.715184e-01
1.410000e-01 6.741735e-01
1.420000e-01 6.768069e-01
1.430000e-01 6.794187e-01
1.440000e-01 6.820091e-01
1.450000e-01 6.845782e-01
1.460000e-01 6.871263e-01
1.470000e-01 6.896534e-01
1.480000e-01 6.921597e-01
1.490000e-01 6.946455e-01
1.500000e-01 6.971107e-01
1.510000e-01 6.995557e-01
1.520000e-01 7.019806e-01
1.530000e-01 7.043855e-01
1.540000e-01 7.067705e-01
1.550000e-01 7.091359e-01
1.560000e-01 7.114818e-01
1.570000e-01 7.138084e-01
1.580000e-01 7.161157e-01
1.590000e-01 7.184040e-01
1.600000e-01 7.206734e-01
1.610000e-01 7.229240e-01
1.620000e-01 7.251560e-01
1.630000e-01 7.273696e-01
1.640000e-01 7.295649e-01
1.650000e-01 7.317420e-01
1.660000e-01 7.339010e-01
1.670000e-01 7.360422e-01
1.680000e-01 7.381657e-01
1.690000e-01 7.402716e-01
1.700000e-01 7.423601e-01
1.710000e-01 7.444312e-01
1.720000e-01 7.464852e-01
1.730000e-01 7.485221e-01
1.740000e-01 7.505422e-01
1.750000e-01 7.525455e-01
1.760000e-01 7.545322e-01
1.770000e-01 7.565024e-01
1.780000e-01 7.584562e-01
1.790000e-01 7.603939e-01
1.800000e-01 7.623154e-01
1.810000e-01 7.642210e-01
1.820000e-01 7.661108e-01
1.830000e-01 7.679849e-01
1.840000e-01 7.698434e-01
1.850000e-01 7.716865e-01
1.860000e-01 7.735143e-01
1.870000e-01 7.753269e-01
1.880000e-01 7.771245e-01
1.890000e-01 7.789071e-01
1.900000e-01 7.806749e-01
1.910000e-01 7.824280e-01
1.920000e-01 7.841666e-01
1.930000e-01 7.858907e-01
1.940000e-01 7.876005e-01
1.950000e-01 7.892961e-01
1.960000e-01 7.909776e-01
1.970000e-01 7.926451e-01
1.980000e-01 7.942988e-01
1.990000e-01 7.959387e-01
2.000000e-01 7.975650e-01
2.010000e-01 7.991778e-01
2.020000e-01 8.007772e-01
2.030000e-01 8.023633e-01
2.040000e-01 8.039362e-01
2.050000e-01 8.054960e-01
2.060000e-01 8.070429e-01
2.070000e-01 8.085770e-01
2.080000e-01 8.100983e-01
2.090000e-01 8.116070e-01
2.100000e-01 8.131031e-01
2.110000e-01 8.145869e-01
2.120000e-01 8.160583e-01
2.130000e-01 8.175175e-01
2.140000e-01 8.189646e-01
2.150000e-01 8.203996e-01
2.160000e-01 8.218228e-01
2.170000e-01 8.232341e-01
2.180000e-01 8.246338e-01
2.190000e-01 8.260218e-01
2.200000e-01 8.273984e-01
2.210000e-01 8.287635e-01
2.220000e-01 8.301173e-01
2.230000e-01 8.314598e-01
2.240000e-01 8.327913e-01
2.250000e-01 8.341117e-01
2.260000e-01 8.354211e-01
2.270000e-01 8.367198e-01
2.280000e-01 8.380076e-01
2.290000e-01 8.392848e-01
2.300000e-01 8.405514e-01
2.310000e-01 8.418076e-01
2.320000e-01 8.430533e-01
2.330000e-01 8.442888e-01
2.340000e-01 8.455140e-01
2.350000e-01 8.467291e-01
2.360000e-01 8.479341e-01
2.370000e-01 8.491292e-01
2.380000e-01 8.503144e-01
2.390000e-01 8.514898e-01
2.400000e-01 8.526555e-01
2.410000e-01 8.538115e-01
2.420000e-01 8.549580e-01
2.430000e-01 8.560951e-01
2.440000e-01 8.572228e-01
2.450000e-01 8.583411e-01
2.460000e-01 8.594502e-01
2.470000e-01 8.605502e-01
2.480000e-01 8.616412e-01
2.490000e-01 8.627231e-01
2.500000e-01 8.637961e-01
2.510000e-01 8.648603e-01
2.520000e-01 8.659157e-01
2.530000e-01 8.669624e-01
2.540000e-01 8.680005e-01
2.550000e-01 8.690301e-01
2.560000e-01 8.700511e-01
2.570000e-01 8.710638e-01
2.580000e-01 8.720682e-01
2.590000e-01 8.730643e-01
2.600000e-01 8.740522e-01
2.610000e-01 8.750320e-01
2.620000e-01 8.760038e-01
2.630000e-01 8.769676e-01
2.640000e-01 8.779235e-01
2.650000e-01 8.788715e-01
2.660000e-01 8.798117e-01
2.670000e-01 8.807443e-01
2.680000e-01 8.816692e-01
2.690000e-01 8.825865e-01
2.700000e-01 8.834963e-01
2.710000e-01 8.843987e-01
2.720000e-01 8.852936e-01
2.730000e-01 8.861813e-01
2.740000e-01 8.870617e-01
2.750000e-01 8.879348e-01
2.760000e-01 8.888009e-01
2.770000e-01 8.896599e-01
2.780000e-01 8.905118e-01
2.790000e-01 8.913568e-01
2.800000e-01 8.921949e-01
2.810000e-01 8.930261e-01
2.820000e-01 8.938506e-01
2.830000e-01 8.946683e-01
2.840000e-01 8.954794e-01
2.850000e-01 8.962838e-01
2.860000e-01 8.970817e-01
2.870000e-01 8.978731e-01
2.880000e-01 8.986581e-01
2.890000e-01 8.994367e-01
2.900000e-01 9.002089e-01
2.910000e-01 9.009748e-01
2.920000e-01 9.017346e-01
2.930000e-01 9.024881e-01
2.940000e-01 9.032355e-01
2.950000e-01 9.039769e-01
2.960000e-01 9.047122e-01
2.970000e-01 9.054416e-01
2.980000e-01 9.061650e-01
2.990000e-01 9.068826e-01
3.000000e-01 9.075943e-01
3.010000e-01 9.083003e-01
3.020000e-01 9.090005e-01
3.030000e-01 9.096951e-01
3.040000e-01 9.103841e-01
3.050000e-01 9.110675e-01
3.060000e-01 9.117453e-01
3.070000e-01 9.124177e-01
3.080000e-01 9.130846e-01
3.090000e-01 9.137462e-01
3.100000e-01 9.144024e-01
3.110000e-01 9.150533e-01
3.120000e-01 9.156989e-01
3.130000e-01 9.163393e-01
3.140000e-01 9.169746e-01
3.150000e-01 9.176047e-01
3.160000e-01 9.182298e-01
3.170000e-01 9.188498e-01
3.180000e-01 9.194648e-01
3.190000e-01 9.200748e-01
3.200000e-01 9.206800e-01
3.210000e-01 9.212803e-01
3.220000e-01 9.218757e-01
3.230000e-01 9.224664e-01
3.240000e-01 9.230523e-01
3.250000e-01 9.236335e-01
3.260000e-01 9.242100e-01
3.270000e-01 9.247819e-01
3.280000e-01 9.253492e-01
3.290000e-01 9.259119e-01
3.300000e-01 9.264702e-01
3.310000e-01 9.270239e-01
3.320000e-01 9.275732e-01
3.330000e-01 9.281181e-01
3.340000e-01 9.286587e-01
3.350000e-01 9.291949e-01
3.360000e-01 9.297268e-01
3.370000e-01 9.302545e-01
3.380000e-01 9.307779e-01
3.390000e-01 9.312972e-01
3.400000e-01 9.318123e-01
3.410000e-01 9.323233e-01
3.420000e-01 9.328302e-01
3.430000e-01 9.333330e-01
3.440000e-01 9.338318e-01
3.450000e-01 9.343267e-01
3.460000e-01 9.348176e-01
3.470000e-01 9.353046e-01
3.480000e-01 9.357877e-01
3.490000e-01 9.362669e-01
3.500000e-01 9.367424e-01
3.510000e-01 9.372140e-01
3.520000e-01 9.376819e-01
3.530000e-01 9.381461e-01
3.540000e-01 9.386065e-01
3.550000e-01 9.390633e-01
3.560000e-01 9.395165e-01
3.570000e-01 9.399661e-01
3.580000e-01 9.404121e-01
3.590000e-01 9.408545e-01
3.600000e-01 9.412935e-01
3.610000e-01 9.417289e-01
3.620000e-01 9.421609e-01
3.630000e-01 9.425895e-01
3.640000e-01 9.430147e-01
3.650000e-01 9.434365e-01
3.660000e-01 9.438549e-01
3.670000e-01 9.442701e-01
3.680000e-01 9.446819e-01
3.690000e-01 9.450905e-01
3.700000e-01 9.454959e-01
3.710000e-01 9.458980e-01
3.720000e-01 9.462970e-01
3.730000e-01 9.466928e-01
3.740000e-01 9.470855e-01
3.750000e-01 9.474751e-01
3.760000e-01 9.478616e-01
3.770000e-01 9.482450e-01
3.780000e-01 9.486254e-01
3.790000e-01 9.490028e-01
3.800000e-01 9.493773e-01
3.810000e-01 9.497488e-01
3.820000e-01 9.501173e-01
3.830000e-01 9.504830e-01
3.840000e-01 9.508457e-01
3.850000e-01 9.512056e-01
3.860000e-01 9.515627e-01
3.870000e-01 9.519170e-01
3.880000e-01 9.522684e-01
3.890000e-01 9.526171e-01
3.900000e-01 9.529631e-01
3.910000e-01 9.533063e-01
3.920000e-01 9.536469e-01
3.930000e-01 9.539847e-01
3.940000e-01 9.543200e-01
3.950000e-01 9.546525e-01
3.960000e-01 9.549825e-01
3.970000e-01 9.553099e-01
3.980000e-01 9.556347e-01
3.990000e-01 9.559569e-01
4.000000e-01 9.562767e-01
4.010000e-01 9.565939e-01
4.020000e-01 9.569086e-01
4.030000e-01 9.572209e-01
4.040000e-01 9.575307e-01
4.050000e-01 9.578381e-01
4.060000e-01 9.581431e-01
4.070000e-01 9.584457e-01
4.080000e-01 9.587459e-01
4.090000e-01 9.590438e-01
4.100000e-01 9.593394e-01
4.110000e-01 9.596326e-01
4.120000e-01 9.599235e-01
4.130000e-01 9.602122e-01
4.140000e-01 9.604986e-01
4.150000e-01 9.607828e-01
4.160000e-01 9.610648e-01
4.170000e-01 9.613445e-01
4.180000e-01 9.616221e-01
4.190000e-01 9.618975e-01
4.200000e-01 9.621708e-01
4.210000e-01 9.624419e-01
4.220000e-01 9.627109e-01
4.230000e-01 9.629779e-01
4.240000e-01 9.632427e-01
4.250000e-01 9.635055e-01
4.260000e-01 9.637662e-01
4.270000e-01 9.640249e-01
4.280000e-01 9.642816e-01
4.290000e-01 9.645363e-01
4.300000e-01 9.647890e-01
4.310000e-01 9.650397e-01
4.320000e-01 9.652885e-01
4.330000e-01 9.655354e-01
4.340000e-01 9.657803e-01
4.350000e-01 9.660234e-01
4.360000e-01 9.662645e-01
4.370000e-01 9.665038e-01
4.380000e-01 9.667412e-01
4.390000e-01 9.669768e-01
4.400000e-01 9.672105e-01
4.410000e-01 9.674425e-01
4.420000e-01 9.676726e-01
4.430000e-01 9.679009e-01
4.440000e-01 9.681275e-01
4.450000e-01 9.683523e-01
4.460000e-01 9.685754e-01
4.470000e-01 9.687968e-01
4.480000e-01 9.690164e-01
4.490000e-01 9.692343e-01
4.500000e-01 9.694506e-01
4.510000e-01 9.696652e-01
4.520000e-01 9.698781e-01
4.530000e-01 9.700893e-01
4.540000e-01 9.702990e-01
4.550000e-01 9.705070e-01
4.560000e-01 9.707134e-01
4.570000e-01 9.709182e-01
4.580000e-01 9.711214e-01
4.590000e-01 9.713230e-01
4.600000e-01 9.715231e-01
4.610000e-01 9.717217e-01
4.620000e-01 9.719187e-01
4.630000e-01 9.721142e-01
4.640000e-01 9.723082e-01
4.650000e-01 9.725007e-01
4.660000e-01 9.726917e-01
4.670000e-01 9.728812e-01
4.680000e-01 9.730693e-01
4.690000e-01 9.732559e-01
4.700000e-01 9.734410e-01
4.710000e-01 9.736248e-01
4.720000e-01 9.738071e-01
4.730000e-01 9.739881e-01
4.740000e-01 9.741676e-01
4.750000e-01 9.743457e-01
4.760000e-01 9.745225e-01
4.770000e-01 9.746979e-01
4.780000e-01 9.748720e-01
4.790000e-01 9.750447e-01
4.800000e-01 9.752161e-01
4.810000e-01 9.753862e-01
4.820000e-01 9.755550e-01
4.830000e-01 9.757225e-01
4.840000e-01 9.758887e-01
4.850000e-01 9.760536e-01
4.860000e-01 9.762172e-01
4.870000e-01 9.763796e-01
4.880000e-01 9.765407e-01
4.890000e-01 9.767006e-01
4.900000e-01 9.768593e-01
4.910000e-01 9.770168e-01
4.920000e-01 9.771730e-01
4.930000e-01 9.773281e-01
4.940000e-01 9.774819e-01
4.950000e-01 9.776346e-01
4.960000e-01 9.777861e-01
4.970000e-01 9.779365e-01
4.980000e-01 9.780856e-01
4.990000e-01 9.782337e-01
5.000000e-01 9.783806e-01
5.010000e-01 9.785264e-01
5.020000e-01 9.786711e-01
5.030000e-01 9.788146e-01
5.040000e-01 9.789571e-01
5.050000e-01 9.790984e-01
5.060000e-01 9.792387e-01
5.070000e-01 9.793779e-01
5.080000e-01 9.795161e-01
5.090000e-01 9.796532e-01
5.100000e-01 9.797892e-01
5.110000e-01 9.799242e-01
5.120000e-01 9.800582e-01
5.130000e-01 9.801911e-01
5.140000e-01 9.803230e-01
5.150000e-01 9.804540e-01
5.160000e-01 9.805839e-01
5.170000e-01 9.807128e-01
5.180000e-01 9.808407e-01
5.190000e-01 9.809677e-01
5.200000e-01 9.810937e-01
5.210000e-01 9.812187e-01
5.220000e-01 9.813428e-01
5.230000e-01 9.814659e-01
5.240000e-01 9.815881e-01
5.250000e-01 9.817093e-01
5.260000e-01 9.818297e-01
5.270000e-01 9.819491e-01
5.280000e-01 9.820676e-01
5.290000e-01 9.821852e-01
5.300000e-01 9.823018e-01
5.310000e-01 9.824176e-01
5.320000e-01 9.825326e-01
5.330000e-01 9.826466e-01
5.340000e-01 9.827598e-01
5.350000e-01 9.828721e-01
5.360000e-01 9.829836e-01
5.370000e-01 9.830942e-01
5.380000e-01 9.832039e-01
5.390000e-01 9.833128e-01
5.400000e-01 9.834209e-01
5.410000e-01 9.835282e-01
5.420000e-01 9.836347e-01
5.430000e-01 9.837403e-01
5.440000e-01 9.838452e-01
5.450000e-01 9.839492e-01
5.460000e-01 9.840525e-01
5.470000e-01 9.841549e-01
5.480000e-01 9.842566e-01
5.490000e-01 9.843575e-01
5.500000e-01 9.844577e-01
5.510000e-01 9.845570e-01
5.520000e-01 9.846557e-01
5.530000e-01 9.847535e-01
5.540000e-01 9.848507e-01
5.550000e-01 9.849471e-01
5.560000e-01 9.850427e-01
5.570000e-01 9.851376e-01
5.580000e-01 9.852319e-01
5.590000e-01 9.853254e-01
5.600000e-01 9.854181e-01
5.610000e-01 9.855102e-01
5.620000e-01 9.856016e-01
5.630000e-01 9.856923e-01
5.640000e-01 9.857823e-01
5.650000e-01 9.858716e-01
5.660000e-01 9.859602e-01
5.670000e-01 9.860482e-01
5.680000e-01 9.861355e-01
5.690000e-01 9.862221e-01
5.700000e-01 9.863081e-01
5.710000e-01 9.863934e-01
5.720000e-01 9.864781e-01
5.730000e-01 9.865621e-01
5.740000e-01 9.866455e-01
5.750000e-01 9.867283e-01
5.760000e-01 9.868104e-01
5.770000e-01 9.868919e-01
5.780000e-01 9.869728e-01
5.790000e-01 9.870531e-01
5.800000e-01 9.871327e-01
5.810000e-01 9.872118e-01
5.820000e-01 9.872903e-01
5.830000e-01 9.873681e-01
5.840000e-01 9.874454e-01
5.850000e-01 9.875221e-01
5.860000e-01 9.875982e-01
5.870000e-01 9.876738e-01
5.880000e-01 9.877487e-01
5.890000e-01 9.878231e-01
5.900000e-01 9.878969e-01
5.910000e-01 9.879702e-01
5.920000e-01 9.880429e-01
5.930000e-01 9.881151e-01
5.940000e-01 9.881867e-01
5.950000e-01 9.882578e-01
5.960000e-01 9.883284e-01
5.970000e-01 9.883984e-01
5.980000e-01 9.884678e-01
5.990000e-01 9.885368e-01
6.000000e-01 9.886052e-01
6.010000e-01 9.886731e-01
6.020000e-01 9.887405e-01
6.030000e-01 9.888074e-01
6.040000e-01 9.888738e-01
6.050000e-01 9.889397e-01
6.060000e-01 9.890051e-01
6.070000e-01 9.890699e-01
6.080000e-01 9.891343e-01
6.090000e-01 9.891983e-01
6.100000e-01 9.892617e-01
6.110000e-01 9.893246e-01
6.120000e-01 9.893871e-01
6.130000e-01 9.894491e-01
6.140000e-01 9.895106e-01
6.150000e-01 9.895717e-01
6.160000e-01 9.896323e-01
6.170000e-01 9.896924e-01
6.180000e-01 9.897521e-01
6.190000e-01 9.898114e-01
6.200000e-01 9.898702e-01
6.210000e-01 9.899285e-01
6.220000e-01 9.899864e-01
6.230000e-01 9.900439e-01
6.240000e-01 9.901009e-01
6.250000e-01 9.901575e-01
6.260000e-01 9.902137e-01
6.270000e-01 9.902695e-01
6.280000e-01 9.903248e-01
6.290000e-01 9.903797e-01
6.300000e-01 9.904342e-01
6.310000e-01 9.904883e-01
6.320000e-01 9.905420e-01
6.330000e-01 9.905953e-01
6.340000e-01 9.906481e-01
6.350000e-01 9.907006e-01
6.360000e-01 9.907527e-01
6.370000e-01 9.908044e-01
6.380000e-01 9.908557e-01
6.390000e-01 9.909066e-01
6.400000e-01 9.909571e-01
6.410000e-01 9.910072e-01
6.420000e-01 9.910570e-01
6.430000e-01 9.911064e-01
6.440000e-01 9.911554e-01
6.450000e-01 9.912041e-01
6.460000e-01 9.912523e-01
6.470000e-01 9.913003e-01
6.480000e-01 9.913478e-01
6.490000e-01 9.913950e-01
6.500000e-01 9.914419e-01
6.510000e-01 9.914883e-01
6.520000e-01 9.915345e-01
6.530000e-01 9.915803e-01
6.540000e-01 9.916257e-01
6.550000e-01 9.916708e-01
6.560000e-01 9.917156e-01
6.570000e-01 9.917600e-01
6.580000e-01 9.918041e-01
6.590000e-01 9.918479e-01
6.600000e-01 9.918913e-01
6.610000e-01 9.919344e-01
6.620000e-01 9.919772e-01
6.630000e-01 9.920196e-01
6.640000e-01 9.920617e-01
6.650000e-01 9.921036e-01
6.660000e-01 9.921451e-01
6.670000e-01 9.921863e-01
6.680000e-01 9.922271e-01
6.690000e-01 9.922677e-01
6.700000e-01 9.923080e-01
6.710000e-01 9.923479e-01
6.720000e-01 9.923876e-01
6.730000e-01 9.924270e-01
6.740000e-01 9.924660e-01
6.750000e-01 9.925048e-01
6.760000e-01 9.925433e-01
6.770000e-01 9.925815e-01
6.780000e-01 9.926194e-01
6.790000e-01 9.926570e-01
6.800000e-01 9.926943e-01
6.810000e-01 9.927314e-01
6.820000e-01 9.927682e-01
6.830000e-01 9.928047e-01
6.840000e-01 9.928409e-01
6.850000e-01 9.928768e-01
6.860000e-01 9.929125e-01
6.870000e-01 9.929479e-01
6.880000e-01 9.929831e-01
6.890000e-01 9.930180e-01
6.900000e-01 9.930526e-01
6.910000e-01 9.930869e-01
6.920000e-01 9.931211e-01
6.930000e-01 9.931549e-01
6.940000e-01 9.931885e-01
6.950000e-01 9.932218e-01
6.960000e-01 9.932549e-01
6.970000e-01 9.932877e-01
6.980000e-01 9.933203e-01
6.990000e-01 9.933527e-01
7.000000e-01 9.933848e-01
7.010000e-01 9.934167e-01
7.020000e-01 9.934483e-01
7.030000e-01 9.934797e-01
7.040000e-01 9.935108e-01
7.050000e-01 9.935417e-01
7.060000e-01 9.935724e-01
7.070000e-01 9.936029e-01
7.080000e-01 9.936331e-01
7.090000e-01 9.936631e-01
7.100000e-01 9.936928e-01
7.110000e-01 9.937224e-01
7.120000e-01 9.937517e-01
7.130000e-01 9.937808e-01
7.140000e-01 9.938097e-01
7.150000e-01 9.938384e-01
7.160000e-01 9.938668e-01
7.170000e-01 9.938951e-01
7.180000e-01 9.939231e-01
7.190000e-01 9.939509e-01
7.200000e-01 9.939785e-01
7.210000e-01 9.940059e-01
7.220000e-01 9.940331e-01
7.230000e-01 9.940601e-01
7.240000e-01 9.940869e-01
7.250000e-01 9.941135e-01
7.260000e-01 9.941399e-01
7.270000e-01 9.941661e-01
7.280000e-01 9.941920e-01
7.290000e-01 9.942178e-01
7.300000e-01 9.942434e-01
7.310000e-01 9.942689e-01
7.320000e-01 9.942941e-01
7.330000e-01 9.943191e-01
7.340000e-01 9.943439e-01
7.350000e-01 9.943686e-01
7.360000e-01 9.943931e-01
7.370000e-01 9.944174e-01
7.380000e-01 9.944415e-01
7.390000e-01 9.944654e-01
7.400000e-01 9.944891e-01
7.410000e-01 9.945127e-01
7.420000e-01 9.945361e-01
7.430000e-01 9.945593e-01
7.440000e-01 9.945823e-01
7.450000e-01 9.946052e-01
7.460000e-01 9.946279e-01
7.470000e-01 9.946504e-01
7.480000e-01 9.946728e-01
7.490000e-01 9.946950e-01
7.500000e-01 9.947170e-01
7.510000e-01 9.947388e-01
7.520000e-01 9.947605e-01
7.530000e-01 9.947821e-01
7.540000e-01 9.948034e-01
7.550000e-01 9.948246e-01
7.560000e-01 9.948457e-01
7.570000e-01 9.948666e-01
7.580000e-01 9.948873e-01
7.590000e-01 9.949079e-01
7.600000e-01 9.949283e-01
7.610000e-01 9.949486e-01
7.620000e-01 9.949687e-01
7.630000e-01 9.949887e-01
7.640000e-01 9.950085e-01
7.650000e-01 9.950282e-01
7.660000e-01 9.950477e-01
7.670000e-01 9.950671e-01
7.680000e-01 9.950863e-01
7.690000e-01 9.951054e-01
7.700000e-01 9.951243e-01
7.710000e-01 9.951431e-01
7.720000e-01 9.951618e-01
7.730000e-01 9.951803e-01
7.740000e-01 9.951987e-01
7.750000e-01 9.952169e-01
7.760000e-01 9.952350e-01
7.770000e-01 9.952530e-01
7.780000e-01 9.952708e-01
7.790000e-01 9.952885e-01
7.800000e-01 9.953061e-01
7.810000e-01 9.953235e-01
7.820000e-01 9.953408e-01
7.830000e-01 9.953580e-01
7.840000e-01 9.953751e-01
7.850000e-01 9.953920e-01
7.860000e-01 9.954088e-01
7.870000e-01 9.954255e-01
7.880000e-01 9.954420e-01
7.890000e-01 9.954584e-01
7.900000e-01 9.954747e-01
7.910000e-01 9.954909e-01
7.920000e-01 9.955069e-01
7.930000e-01 9.955229e-01
7.940000e-01 9.955387e-01
7.950000e-01 9.955544e-01
7.960000e-01 9.955700e-01
7.970000e-01 9.955854e-01
7.980000e-01 9.956008e-01
7.990000e-01 9.956160e-01
8.000000e-01 9.956311e-01
8.010000e-01 9.956461e-01
8.020000e-01 9.956610e-01
8.030000e-01 9.956758e-01
8.040000e-01 9.956904e-01
8.050000e-01 9.957050e-01
8.060000e-01 9.957194e-01
8.070000e-01 9.957338e-01
8.080000e-01 9.957480e-01
8.090000e-01 9.957621e-01
8.100000e-01 9.957762e-01
8.110000e-01 9.957901e-01
8.120000e-01 9.958039e-01
8.130000e-01 9.958176e-01
8.140000e-01 9.958312e-01
8.150000e-01 9.958447e-01
8.160000e-01 9.958581e-01
8.170000e-01 9.958714e-01
8.180000e-01 9.958846e-01
8.190000e-01 9.958977e-01
8.200000e-01 9.959107e-01
8.210000e-01 9.959236e-01
8.220000e-01 9.959364e-01
8.230000e-01 9.959491e-01
8.240000e-01 9.959618e-01
8.250000e-01 9.959743e-01
8.260000e-01 9.959867e-01
8.270000e-01 9.959990e-01
8.280000e-01 9.960113e-01
8.290000e-01 9.960234e-01
8.300000e-01 9.960355e-01
8.310000e-01 9.960475e-01
8.320000e-01 9.960594e-01
8.330000e-01 9.960712e-01
8.340000e-01 9.960829e-01
8.350000e-01 9.960945e-01
8.360000e-01 9.961060e-01
8.370000e-01 9.961174e-01
8.380000e-01 9.961288e-01
8.390000e-01 9.961401e-01
8.400000e-01 9.961513e-01
8.410000e-01 9.961624e-01
8.420000e-01 9.961734e-01
8.430000e-01 9.961843e-01
8.440000e-01 9.961952e-01
8.450000e-01 9.962060e-01
8.460000e-01 9.962167e-01
8.470000e-01 9.962273e-01
8.480000e-01 9.962378e-01
8.490000e-01 9.962483e-01
8.500000e-01 9.962586e-01
8.510000e-01 9.962689e-01
8.520000e-01 9.962792e-01
8.530000e-01 9.962893e-01
8.540000e-01 9.962994e-01
8.550000e-01 9.963094e-01
8.560000e-01 9.963193e-01
8.570000e-01 9.963292e-01
8.580000e-01 9.963389e-01
8.590000e-01 9.963486e-01
8.600000e-01 9.963583e-01
8.610000e-01 9.963678e-01
8.620000e-01 9.963773e-01
8.630000e-01 9.963867e-01
8.640000e-01 9.963960e-01
8.650000e-01 9.964053e-01
8.660000e-01 9.964145e-01
8.670000e-01 9.964237e-01
8.680000e-01 9.964327e-01
8.690000e-01 9.964417e-01
8.700000e-01 9.964506e-01
8.710000e-01 9.964595e-01
8.720000e-01 9.964683e-01
8.730000e-01 9.964770e-01
8.740000e-01 9.964857e-01
8.750000e-01 9.964943e-01
8.760000e-01 9.965028e-01
8.770000e-01 9.965113e-01
8.780000e-01 9.965197e-01
8.790000e-01 9.965281e-01
8.800000e-01 9.965364e-01
8.810000e-01 9.965446e-01
8.820000e-01 9.965527e-01
8.830000e-01 9.965608e-01
8.840000e-01 9.965689e-01
8.850000e-01 9.965769e-01
8.860000e-01 9.965848e-01
8.870000e-01 9.965926e-01
8.880000e-01 9.966004e-01
8.890000e-01 9.966082e-01
8.900000e-01 9.966159e-01
8.910000e-01 9.966235e-01
8.920000e-01 9.966311e-01
8.930000e-01 9.966386e-01
8.940000e-01 9.966460e-01
8.950000e-01 9.966534e-01
8.960000e-01 9.966608e-01
8.970000e-01 9.966681e-01
8.980000e-01 9.966753e-01
8.990000e-01 9.966825e-01
9.000000e-01 9.966896e-01
9.010000e-01 9.966967e-01
9.020000e-01 9.967037e-01
9.030000e-01 9.967107e-01
9.040000e-01 9.967176e-01
9.050000e-01 9.967245e-01
9.060000e-01 9.967313e-01
9.070000e-01 9.967380e-01
9.080000e-01 9.967448e-01
9.090000e-01 9.967514e-01
9.100000e-01 9.967580e-01
9.110000e-01 9.967646e-01
9.120000e-01 9.967711e-01
9.130000e-01 9.967776e-01
9.140000e-01 9.967840e-01
9.150000e-01 9.967904e-01
9.160000e-01 9.967967e-01
9.170000e-01 9.968030e-01
9.180000e-01 9.968092e-01
9.190000e-01 9.968154e-01
9.200000e-01 9.968215e-01
9.210000e-01 9.968276e-01
9.220000e-01 9.968336e-01
9.230000e-01 9.968396e-01
9.240000e-01 9.968456e-01
9.250000e-01 9.968515e-01
9.260000e-01 9.968574e-01
9.270000e-01 9.968632e-01
9.280000e-01 9.968690e-01
9.290000e-01 9.968747e-01
9.300000e-01 9.968804e-01
9.310000e-01 9.968860e-01
9.320000e-01 9.968916e-01
9.330000e-01 9.968972e-01
9.340000e-01 9.969027e-01
9.350000e-01 9.969082e-01
9.360000e-01 9.969136e-01
9.370000e-01 9.969190e-01
9.380000e-01 9.969244e-01
9.390000e-01 9.969297e-01
9.400000e-01 9.969350e-01
9.410000e-01 9.969402e-01
9.420000e-01 9.969454e-01
9.430000e-01 9.969506e-01
9.440000e-01 9.969557e-01
9.450000e-01 9.969608e-01
9.460000e-01 9.969658e-01
9.470000e-01 9.969709e-01
9.480000e-01 9.969758e-01
9.490000e-01 9.969808e-01
9.500000e-01 9.969857e-01
9.510000e-01 9.969905e-01
9.520000e-01 9.969953e-01
9.530000e-01 9.970001e-01
9.540000e-01 9.970049e-01
9.550000e-01 9.970096e-01
9.560000e-01 9.970143e-01
9.570000e-01 9.970189e-01
9.580000e-01 9.970235e-01
9.590000e-01 9.970281e-01
9.600000e-01 9.970327e-01
9.610000e-01 9.970372e-01
9.620000e-01 9.970416e-01
9.630000e-01 9.970461e-01
9.640000e-01 9.970505e-01
9.650000e-01 9.970549e-01
9.660000e-01 9.970592e-01
9.670000e-01 9.970635e-01
9.680000e-01 9.970678e-01
9.690000e-01 9.970720e-01
9.700000e-01 9.970763e-01
9.710000e-01 9.970804e-01
9.720000e-01 9.970846e-01
9.730000e-01 9.970887e-01
9.740000e-01 9.970928e-01
9.750000e-01 9.970969e-01
9.760000e-01 9.971009e-01
9.770000e-01 9.971049e-01
9.780000e-01 9.971089e-01
9.790000e-01 9.971128e-01
9.800000e-01 9.971167e-01
9.810000e-01 9.971206e-01
9.820000e-01 9.971244e-01
9.830000e-01 9.971283e-01
9.840000e-01 9.971321e-01
9.850000e-01 9.971358e-01
9.860000e-01 9.971396e-01
9.870000e-01 9.971433e-01
9.880000e-01 9.971470e-01
9.890000e-01 9.971506e-01
9.900000e-01 9.971542e-01
9.910000e-01 9.971578e-01
9.920000e-01 9.971614e-01
9.930000e-01 9.971650e-01
9.940000e-01 9.971685e-01
9.950000e-01 9.971720e-01
9.960000e-01 9.971754e-01
9.970000e-01 9.971789e-01
9.980000e-01 9.971823e-01
9.990000e-01 9.971857e-01
1 9.971891e-01
