0	0
0	0
0	0
0	0
0	0
0	0
0	0
0	0
0	0
0	0
0	0
0	0
0	0
0	0
0	0
0	0
0	0
0	0
0	0
0	0
0	0
0	0
0	0
0	0
0	0
0	0
0	0
0	0
0	0
0	0
0	0
0	0
0	0
0	0
0	0
0	0
0	0
0	0
0	0
0	0
0	0
0	0
0	0
0	0
0.903260929555454	0
0.903260929555454	0
0.903260929555454	0
0.903260929555454	0
0.903260929555454	0
0.903260929555454	0.0326746097264184
0.903260929555454	0.110562078163028
0.903260929555454	0.208773597174165
0.903260929555454	0.310806981656811
0.903260929555454	0.407360955734122
0.903260929555454	0.494103905431778
0.903260929555454	0.569696526950771
0.903260929555454	0.634402622886676
0.903260929555454	0.689229451777889
0.903260929555454	0.735442484251094
0.903260929555454	0.774314616600818
0.903260929555454	0.807010978960461
0.903260929555454	0.834547175165536
0.903260929555454	0.857784569768621
0.903260929555454	0.877442440423023
0.903260929555454	0.894116350686674
0.903260929555454	0.908297458370224
0.903260929555454	0.920390371520440
0.903260929555454	0.930728666561544
0.903260929555454	0.939587920943301
0.903260929555454	0.947196443886340
0.903260929555454	0.953744011486754
0.903260929555454	0.959388933467105
0.903260929555454	0.964263754517271
0.903260929555454	0.968479852118204
0.903260929555454	0.972131148874374
0.903260929555454	0.975297116861753
0.903260929555454	0.978045216577498
0.903260929555454	0.980432884116377
0.903260929555454	0.982509156724703
0.903260929555454	0.984316008122080
0.903260929555454	0.985889450116428
0.903260929555454	0.987260445318889
0.903260929555454	0.988455666549732
0.903260929555454	0.989498131285489
0.903260929555454	0.990407733805124
0.903260929555454	0.991201693211555
0.903260929555454	0.991894931968774
0.903260929555454	0.992500396797043
0.903260929555454	0.993029331547793
0.903260929555454	0.993491509910585
0.903260929555454	0.993895434389544
0.903260929555454	0.994248506850373
0.903260929555454	0.994557175022623
0.903260929555454	0.994827058599567
0.840664079673128	0.995063057973953
0.840664079673128	0.995269448154217
0.840664079673128	0.995449960000349
0.840664079673128	0.995607850584334
0.840664079673128	0.995745964203173
0.840664079673128	0.995857575049455
0.840664079673128	0.995940294491173
0.840664079673128	0.996001457449833
0.840664079673128	0.996046551863402
0.840664079673128	0.996079682819633
0.840664079673128	0.996103919773680
0.840664079673128	0.996121556510675
0.840664079673128	0.996134305887656
0.840664079673128	0.996143445768813
0.840664079673128	0.996149928406634
0.840664079673128	0.996154462429442
0.840664079673128	0.996157574291960
0.840664079673128	0.996159654325489
0.840664079673128	0.996160991238083
0.840664079673128	0.996161797952202
0.840664079673128	0.996162230945867
0.840664079673128	0.996162404722440
0.840664079673128	0.996162402628374
0.840664079673128	0.996162284933911
0.840664079673128	0.996162094863189
0.840664079673128	0.996161863088786
0.840664079673128	0.996161611076966
0.840664079673128	0.996161353573341
0.840664079673128	0.996161100446093
0.840664079673128	0.996160858049518
0.840664079673128	0.996160630229794
0.840664079673128	0.996160419064261
0.840664079673128	0.996160225402491
0.840664079673128	0.996160049260232
0.840664079673128	0.996159890104355
0.840664079673128	0.996159747057287
0.840664079673128	0.996159619042149
0.840664079673128	0.996159504884386
0.840664079673128	0.996159403381644
0.840664079673128	0.996159313350583
0.840664079673128	0.996159233657080
0.840664079673128	0.996159163234560
0.840664079673128	0.996159101093962
0.840664079673128	0.996159046327885
0.840664079673128	0.996158998110786
0.840664079673128	0.996158955696561
0.840664079673128	0.996158918414506
0.840664079673128	0.996158885664302
0.840664079673128	0.996158856910553
0.840664079673128	0.996158831677162
-0.894646004638415	0.996158809541806
-0.894646004638415	0.996158790130626
-0.894646004638415	0.996158773113238
-0.894646004638415	0.996158758198095
-0.894646004638415	0.996158745128240
-0.894646004638415	0.982359768361561
-0.894646004638415	0.944550255336610
-0.894646004638415	0.884261024038464
-0.894646004638415	0.800547525630726
-0.894646004638415	0.691737195438416
-0.894646004638415	0.556373130131552
-0.894646004638415	0.393800134810980
-0.894646004638415	0.204507293385365
-0.894646004638415	-0.00974468515250376
-0.894646004638415	-0.245988582604207
-0.894646004638415	-0.500268364107479
-0.894646004638415	-0.767954190971901
-0.894646004638415	-1.04409508750549
-0.894646004638415	-1.32375667361708
-0.894646004638415	-1.60230602098082
-0.894646004638415	-1.87562282845598
-0.894646004638415	-2.14023160623871
-0.894646004638415	-2.39336105684916
-0.894646004638415	-2.63294370068620
-0.894646004638415	-2.85757154408298
-0.894646004638415	-3.06642332313603
-0.894646004638415	-3.25917676407722
-0.894646004638415	-3.43591638425120
-0.894646004638415	-3.59704433063915
-0.894646004638415	-3.74319904311044
-0.894646004638415	-3.87518433680617
-0.894646004638415	-3.99390986596028
-0.894646004638415	-4.10034281255215
-0.894646004638415	-4.19546994739997
-0.894646004638415	-4.28026883786387
-0.894646004638415	-4.35568683179229
-0.894646004638415	-4.42262645390908
-0.894646004638415	-4.48193594848176
-0.894646004638415	-4.53440384738025
-0.894646004638415	-4.58075660592062
-0.894646004638415	-4.62165851132581
-0.894646004638415	-4.65771321922131
-0.894646004638415	-4.68946640677408
-0.894646004638415	-4.71740914491791
-0.894646004638415	-4.74198168684203
-0.894646004638415	-4.76357744705005
-0.894646004638415	-4.78254700692135
-0.894646004638415	-4.79920203111006
-0.894646004638415	-4.81381901652419
-0.894646004638415	-4.82664282406976
0.475716191033993	-4.83788996460165
0.475716191033993	-4.84775162610519
0.475716191033993	-4.85639644029296
0.475716191033993	-4.86397299456210
0.475716191033993	-4.87061210043769
0.475716191033993	-4.56847199048211
0.475716191033993	-3.86983899397703
0.475716191033993	-3.04883798570124
0.475716191033993	-2.26896737381007
0.475716191033993	-1.60050489399317
0.475716191033993	-1.05817765934619
0.475716191033993	-0.630854843262679
0.475716191033993	-0.298819190505287
0.475716191033993	-0.0419972830225268
0.475716191033993	0.156904147216726
0.475716191033993	0.311698258693827
0.475716191033993	0.433005282403717
0.475716191033993	0.528836518742469
0.475716191033993	0.605186313887738
0.475716191033993	0.666533119336229
0.475716191033993	0.716231696529449
0.475716191033993	0.756808313790487
0.475716191033993	0.790178504157264
0.475716191033993	0.817806182134260
0.475716191033993	0.840819551423151
0.475716191033993	0.860095614557150
0.475716191033993	0.876322005838784
0.475716191033993	0.890042467474352
0.475716191033993	0.901690506197539
0.475716191033993	0.911614476420516
0.475716191033993	0.920096412479366
0.475716191033993	0.927366275968419
0.475716191033993	0.933612818076805
0.475716191033993	0.938991925576300
0.475716191033993	0.943633082940517
0.475716191033993	0.947644413977551
0.475716191033993	0.951116644663678
0.475716191033993	0.954126240792377
0.475716191033993	0.956737909932630
0.475716191033993	0.959006610222816
0.475716191033993	0.960979173909688
0.475716191033993	0.962695627869638
0.475716191033993	0.964190274192927
0.475716191033993	0.965492579529546
0.475716191033993	0.966627911032531
0.475716191033993	0.967618148480720
0.475716191033993	0.968482195854262
0.475716191033993	0.969236410786150
0.475716191033993	0.969894966562577
0.475716191033993	0.970470158428074
-0.461761147202888	0.970972663669795
-0.461761147202888	0.971411763160453
-0.461761147202888	0.971795530619404
-0.461761147202888	0.972130994721569
-0.461761147202888	0.972424278279968
-0.461761147202888	0.958454661076210
-0.461761147202888	0.919942250205790
-0.461761147202888	0.858965123796600
-0.461761147202888	0.775167275926120
-0.461761147202888	0.667512398638368
-0.461761147202888	0.535195704581647
-0.461761147202888	0.378170998182195
-0.461761147202888	0.197425072621840
-0.461761147202888	-0.00495435778170239
-0.461761147202888	-0.225880947196368
-0.461761147202888	-0.461496031123315
-0.461761147202888	-0.707464781248955
-0.461761147202888	-0.959289128954904
-0.461761147202888	-1.21259412295878
-0.461761147202888	-1.46335898617346
-0.461761147202888	-1.70807937907181
-0.461761147202888	-1.94386016814919
-0.461761147202888	-2.16844684146517
-0.461761147202888	-2.38020847559357
-0.461761147202888	-2.57808655180258
-0.461761147202888	-2.76152299228419
-0.461761147202888	-2.93037856435787
-0.461761147202888	-3.08485009437386
-0.461761147202888	-3.22539228953037
-0.461761147202888	-3.35264768964184
-0.461761147202888	-3.46738648472141
-0.461761147202888	-3.57045664261589
-0.461761147202888	-3.66274393366521
-0.461761147202888	-3.74514092969656
-0.461761147202888	-3.81852380315248
-0.461761147202888	-3.88373567936460
-0.461761147202888	-3.94157533669944
-0.461761147202888	-3.99279015712800
-0.461761147202888	-4.03807236942618
-0.461761147202888	-4.07805777586993
-0.461761147202888	-4.11332629681565
-0.461761147202888	-4.14440379806220
-0.461761147202888	-4.17176477973288
-0.461761147202888	-4.19583560168720
-0.461761147202888	-4.21699799990061
-0.461761147202888	-4.23559271244427
-0.461761147202888	-4.25192308464937
-0.461761147202888	-4.26625856281214
-0.461761147202888	-4.27883801634391
-0.461761147202888	-4.28987285134869
-0.154328769982384	-4.29954989573591
-0.154328769982384	-4.30803404842492
-0.154328769982384	-4.31547069402141
-0.154328769982384	-4.32198789039588
-0.154328769982384	-4.32769834055003
-0.154328769982384	-4.27116512822864
-0.154328769982384	-4.12471094449554
-0.154328769982384	-3.92931924602479
-0.154328769982384	-3.71353307838615
-0.154328769982384	-3.49574639973729
-0.154328769982384	-3.28692834691723
-0.154328769982384	-3.09298765389587
-0.154328769982384	-2.91656594981690
-0.154328769982384	-2.75829775900224
-0.154328769982384	-2.61765214852590
-0.154328769982384	-2.49347384962723
-0.154328769982384	-2.38431964247136
-0.154328769982384	-2.28866017285356
-0.154328769982384	-2.20499568537079
-0.154328769982384	-2.13191796362476
-0.154328769982384	-2.06813944388740
-0.154328769982384	-2.01250285606237
-0.154328769982384	-1.96397975795601
-0.154328769982384	-1.92166311900939
-0.154328769982384	-1.88475707205916
-0.154328769982384	-1.85256567328871
-0.154328769982384	-1.82448171758520
-0.154328769982384	-1.79997617101228
-0.154328769982384	-1.77858848970373
-0.154328769982384	-1.75991792238911
-0.154328769982384	-1.74361579594963
-0.154328769982384	-1.72937873093234
-0.154328769982384	-1.71694270873127
-0.154328769982384	-1.70607790293730
-0.154328769982384	-1.69658418723891
-0.154328769982384	-1.68828723700304
-0.154328769982384	-1.68103514874494
-0.154328769982384	-1.67469550962298
-0.154328769982384	-1.66915285702607
-0.154328769982384	-1.66430647581024
-0.154328769982384	-1.66006848757301
-0.154328769982384	-1.65636219245357
-0.154328769982384	-1.65312062931620
-0.154328769982384	-1.65028532485687
-0.154328769982384	-1.64780520623041
-0.154328769982384	-1.64563565529827
-0.154328769982384	-1.64373768561225
-0.154328769982384	-1.64207722584151
-0.154328769982384	-1.64062449557808
-0.154328769982384	-1.63935346136887
0.0957418024296894	-1.63824136246725
0.0957418024296894	-1.63726829721096
0.0957418024296894	-1.63641686215056
0.0957418024296894	-1.63567183710083
0.0957418024296894	-1.63501991019169
0.0957418024296894	-1.56888297031087
0.0957418024296894	-1.41117787268346
0.0957418024296894	-1.21051744052909
0.0957418024296894	-0.999505249595296
0.0957418024296894	-0.797096094902051
0.0957418024296894	-0.612680079987824
0.0957418024296894	-0.449716743100269
0.0957418024296894	-0.308341660344733
0.0957418024296894	-0.187029166431097
0.0957418024296894	-0.0835692797738363
0.0957418024296894	0.00439902855960739
0.0957418024296894	0.0791211793546214
0.0957418024296894	0.142611629498177
0.0957418024296894	0.196619705308848
0.0957418024296894	0.242636030340564
0.0957418024296894	0.281917005675946
0.0957418024296894	0.315515370171800
0.0957418024296894	0.344310848944878
0.0957418024296894	0.369038176020886
0.0957418024296894	0.390311508142026
0.0957418024296894	0.408645114802869
0.0957418024296894	0.424470628306884
0.0957418024296894	0.438151289088428
0.0957418024296894	0.449993648637541
0.0957418024296894	0.460257161677388
0.0957418024296894	0.469162045839059
0.0957418024296894	0.476895728652635
0.0957418024296894	0.483618146532617
0.0957418024296894	0.489466111934699
0.0957418024296894	0.494556923845501
0.0957418024296894	0.498991362894884
0.0957418024296894	0.502856184818660
0.0957418024296894	0.506226203778868
0.0957418024296894	0.509166039233959
0.0957418024296894	0.511731585812102
0.0957418024296894	0.513971254273580
0.0957418024296894	0.515927022572499
0.0957418024296894	0.517635328773685
0.0957418024296894	0.519127831770864
0.0957418024296894	0.520432061087653
0.0957418024296894	0.521571973286517
0.0957418024296894	0.522568429475530
0.0957418024296894	0.523439605941272
0.0957418024296894	0.524201347932159
0.0957418024296894	0.524867474978443
0.885473968553869	0.525450044790762
0.885473968553869	0.525959581671132
0.885473968553869	0.526405274453482
0.885473968553869	0.526795148229075
0.885473968553869	0.527136213476750
0.885473968553869	0.539853513102404
0.885473968553869	0.570177307954218
0.885473968553869	0.609326750331376
0.885473968553869	0.651312779918800
0.885473968553869	0.692483212386551
0.885473968553869	0.730858544071823
0.885473968553869	0.765543896894496
0.885473968553869	0.796294936800162
0.885473968553869	0.823227863985461
0.885473968553869	0.846638276791461
0.885473968553869	0.866894090819797
0.885473968553869	0.884375683831541
0.885473968553869	0.899444793304887
0.885473968553869	0.912430241433177
0.885473968553869	0.923623111218307
0.885473968553869	0.933276956708946
0.885473968553869	0.941610478089432
0.885473968553869	0.948811212963843
0.885473968553869	0.955039459303121
0.885473968553869	0.960432030644483
0.885473968553869	0.965105662117465
0.885473968553869	0.969160005404754
0.885473968553869	0.972680213241532
0.885473968553869	0.975739144136728
0.885473968553869	0.978399230121611
0.885473968553869	0.980714052876943
0.885473968553869	0.982729671343040
0.885473968553869	0.984485739551019
0.885473968553869	0.986016448376436
0.885473968553869	0.987351319954277
0.885473968553869	0.988515878956997
0.885473968553869	0.989532220958081
0.885473968553869	0.990419494701080
0.885473968553869	0.991194312230933
0.885473968553869	0.991871098459667
0.885473968553869	0.992462389764901
0.885473968553869	0.992979089592300
0.885473968553869	0.993430687693817
0.885473968553869	0.993825448531709
0.885473968553869	0.994170573471360
0.885473968553869	0.994472340638250
0.885473968553869	0.994736225696877
0.885473968553869	0.994967006298132
0.885473968553869	0.995168852517142
0.885473968553869	0.995345405250156
-0.164511791366676	0.995499844243855
-0.164511791366676	0.995634947183177
-0.164511791366676	0.995753141055914
-0.164511791366676	0.995856546837169
-0.164511791366676	0.995947018388628
-0.164511791366676	0.985382794232416
-0.164511791366676	0.956906060746712
-0.164511791366676	0.913042495206035
-0.164511791366676	0.854719560377883
-0.164511791366676	0.782429379475792
-0.164511791366676	0.696775225842239
-0.164511791366676	0.598726016669989
-0.164511791366676	0.489698686440206
-0.164511791366676	0.371527043432706
-0.164511791366676	0.246358298035784
-0.164511791366676	0.116512333548668
-0.164511791366676	-0.0156667373468819
-0.164511791366676	-0.147944514466454
-0.164511791366676	-0.278301909517871
-0.164511791366676	-0.405006483162393
-0.164511791366676	-0.526649897755705
-0.164511791366676	-0.642156030644515
-0.164511791366676	-0.750766403422519
-0.164511791366676	-0.852010061881001
-0.164511791366676	-0.945664435278727
-0.164511791366676	-1.03171251921609
-0.164511791366676	-1.11030035352823
-0.164511791366676	-1.18169745951647
-0.164511791366676	-1.24626179582347
-0.164511791366676	-1.30440993898674
-0.164511791366676	-1.35659258803716
-0.164511791366676	-1.40327509834552
-0.164511791366676	-1.44492252327121
-0.164511791366676	-1.48198853816831
-0.164511791366676	-1.51490760090363
-0.164511791366676	-1.54408973511905
-0.164511791366676	-1.56991738387571
-0.164511791366676	-1.59274385586188
-0.164511791366676	-1.61289296340744
-0.164511791366676	-1.63065952468530
-0.164511791366676	-1.64631046821588
-0.164511791366676	-1.66008633464404
-0.164511791366676	-1.67220301850869
-0.164511791366676	-1.68285363189778
-0.164511791366676	-1.69221040338057
-0.164511791366676	-1.70042655049328
-0.164511791366676	-1.70763808338966
-0.164511791366676	-1.71396551204980
-0.164511791366676	-1.71951544055105
-0.164511791366676	-1.72438204010296
0.966104932939712	-1.72864839846588
0.966104932939712	-1.73238774753096
0.966104932939712	-1.73566457365484
0.966104932939712	-1.73853561715052
0.966104932939712	-1.74105076839550
0.966104932939712	-1.62276959867008
0.966104932939712	-1.34441483727122
0.966104932939712	-1.00717900913829
0.966104932939712	-0.674448847413748
0.966104932939712	-0.377109786205574
0.966104932939712	-0.125312038129317
0.966104932939712	0.0816639142012303
0.966104932939712	0.249154871630004
0.966104932939712	0.383757075662049
0.966104932939712	0.491770467232699
0.966104932939712	0.578616298272554
0.966104932939712	0.648723634720368
0.966104932939712	0.705612955274630
0.966104932939712	0.752043354180213
0.966104932939712	0.790163910954301
0.966104932939712	0.821646521347502
0.966104932939712	0.847794384889822
0.966104932939712	0.869627362359619
0.966104932939712	0.887947793649270
0.966104932939712	0.903390720542488
0.966104932939712	0.916462035499218
0.966104932939712	0.927567436858875
0.966104932939712	0.937034444019687
0.966104932939712	0.945129193050439
0.966104932939712	0.952069308538366
0.966104932939712	0.958033820836234
0.966104932939712	0.963170851500876
0.966104932939712	0.967603605899717
0.966104932939712	0.971435075573852
0.966104932939712	0.974751751958884
0.966104932939712	0.977626578273398
0.966104932939712	0.980121310896037
0.966104932939712	0.982288420266900
0.966104932939712	0.984172630521311
0.966104932939712	0.985812173950581
0.966104932939712	0.987239818977496
0.966104932939712	0.988483717163297
0.966104932939712	0.989568104748424
0.966104932939712	0.990513886576696
0.966104932939712	0.991339124375101
0.966104932939712	0.992059446823823
0.966104932939712	0.992688395329877
0.966104932939712	0.993237716670600
0.966104932939712	0.993717611518865
0.966104932939712	0.994136946163137
-0.397090102575869	0.994503433389032
-0.397090102575869	0.994823787415887
-0.397090102575869	0.995103856922139
-0.397090102575869	0.995348739500714
-0.397090102575869	0.995562880324913
-0.397090102575869	0.982584244939649
-0.397090102575869	0.946860737849953
-0.397090102575869	0.890240916930030
-0.397090102575869	0.812305183916440
-0.397090102575869	0.711995949712719
-0.397090102575869	0.588470392370655
-0.397090102575869	0.441599145349607
-0.397090102575869	0.272231051462071
-0.397090102575869	0.0822643915323658
-0.397090102575869	-0.125443533703048
-0.397090102575869	-0.347286265690347
-0.397090102575869	-0.579186826892676
-0.397090102575869	-0.816894760144274
-0.397090102575869	-1.05625992618967
-0.397090102575869	-1.29345504646803
-0.397090102575869	-1.52513344910928
-0.397090102575869	-1.74852076360043
-0.397090102575869	-1.96144790545261
-0.397090102575869	-2.16233740670212
-0.397090102575869	-2.35015662300234
-0.397090102575869	-2.52435056824855
-0.397090102575869	-2.68476507045250
-0.397090102575869	-2.83156839084138
-0.397090102575869	-2.96517693287228
-0.397090102575869	-3.08618848899190
-0.397090102575869	-3.19532475476418
-0.397090102575869	-3.29338359162683
-0.397090102575869	-3.38120068644985
-0.397090102575869	-3.45961975687747
-0.397090102575869	-3.52947020123150
-0.397090102575869	-3.59155101465628
-0.397090102575869	-3.64661982755198
-0.397090102575869	-3.69538602155677
-0.397090102575869	-3.73850700925390
-0.397090102575869	-3.77658690424463
-0.397090102575869	-3.81017694445680
-0.397090102575869	-3.83977715579847
-0.397090102575869	-3.86583885187553
-0.397090102575869	-3.88876765749197
-0.397090102575869	-3.90892681965930
-0.397090102575869	-3.92664063134406
-0.397090102575869	-3.94219784204908
-0.397090102575869	-3.95585496750793
-0.397090102575869	-3.96783944012843
-0.397090102575869	-3.97835256402378
0.402197511801853	-3.98757225496421
0.402197511801853	-3.99565555758954
0.402197511801853	-4.00274094074895
0.402197511801853	-4.00895037769404
0.402197511801853	-4.01439122169675
0.402197511801853	-3.77198078528971
0.402197511801853	-3.20790093941673
0.402197511801853	-2.53812730737304
0.402197511801853	-1.89370565280280
0.402197511801853	-1.33352476846141
0.402197511801853	-0.872435588146743
0.402197511801853	-0.503909193946895
0.402197511801853	-0.213614441812852
0.402197511801853	0.0138330622605001
0.402197511801853	0.192103440604974
0.402197511801853	0.332372439212213
0.402197511801853	0.443399976599585
0.402197511801853	0.531905981196700
0.402197511801853	0.602994356484405
0.402197511801853	0.660530125673068
0.402197511801853	0.707444290842031
0.402197511801853	0.745968894654303
0.402197511801853	0.777813848324193
0.402197511801853	0.804298306675826
0.402197511801853	0.826447765776671
0.402197511801853	0.845065776196386
0.402197511801853	0.860787025346513
0.402197511801853	0.874116791384707
0.402197511801853	0.885460425834082
0.402197511801853	0.895145522077332
0.402197511801853	0.903438696802883
0.402197511801853	0.910558383383121
0.402197511801853	0.916684655692594
0.402197511801853	0.921966826922647
0.402197511801853	0.926529370371304
0.402197511801853	0.930476566243599
0.402197511801853	0.933896174651766
0.402197511801853	0.936862359199577
0.402197511801853	0.939438029908850
0.402197511801853	0.941676733202257
0.402197511801853	0.943624186200641
0.402197511801853	0.945319529863882
0.402197511801853	0.946796358443862
0.402197511801853	0.948083569838451
0.402197511801853	0.949206071656366
0.402197511801853	0.950185370335280
0.402197511801853	0.951040064920808
0.402197511801853	0.951786262684962
0.402197511801853	0.952437930322715
0.402197511801853	0.953007191778507
0.332677703168851	0.953504581644183
0.332677703168851	0.953939261402981
0.332677703168851	0.954319204470227
0.332677703168851	0.954651354924017
0.332677703168851	0.954941763969899
0.332677703168851	0.954733321130105
0.332677703168851	0.953799189220485
0.332677703168851	0.952411611016503
0.332677703168851	0.950762883218852
0.332677703168851	0.948988095103721
0.332677703168851	0.947180957690472
0.332677703168851	0.945405095623680
0.332677703168851	0.943702248544516
0.332677703168851	0.942098300325408
0.332677703168851	0.940607742742910
0.332677703168851	0.939236989393157
0.332677703168851	0.937986834262340
0.332677703168851	0.936854268935427
0.332677703168851	0.935833817037291
0.332677703168851	0.934918505036265
0.332677703168851	0.934100559640017
0.332677703168851	0.933371900414730
0.332677703168851	0.932724479892329
0.332677703168851	0.932150510925072
0.332677703168851	0.931642611450992
0.332677703168851	0.931193889461605
0.332677703168851	0.930797985304749
0.332677703168851	0.930449084122425
0.332677703168851	0.930141907916814
0.332677703168851	0.929871694224632
0.332677703168851	0.929634166479254
0.332677703168851	0.929425499710165
0.332677703168851	0.929242284159995
0.332677703168851	0.929081488605223
0.332677703168851	0.928940424581335
0.332677703168851	0.928816712285818
0.332677703168851	0.928708248623651
0.332677703168851	0.928613177640042
0.332677703168851	0.928529863431215
0.332677703168851	0.928456865518767
0.332677703168851	0.928392916603593
0.332677703168851	0.928336902571587
0.332677703168851	0.928287844598191
0.332677703168851	0.928244883186746
0.332677703168851	0.928207263972583
0.332677703168851	0.928174325127889
0.332677703168851	0.928145486209422
0.332677703168851	0.928120238300651
0.332677703168851	0.928098135310639
0.332677703168851	0.928078786303365
0.0782529300857133	0.928061848742502
0.0782529300857133	0.928047022547671
0.0782529300857133	0.928034044868666
0.0782529300857133	0.928022685493903
0.0782529300857133	0.928012742818355
0.0782529300857133	0.923161359507171
0.0782529300857133	0.910744223977944
0.0782529300857133	0.893058039006256
0.0782529300857133	0.871689749710321
0.0782529300857133	0.847832669180454
0.0782529300857133	0.822435225583382
0.0782529300857133	0.796271577987974
0.0782529300857133	0.769975912363402
0.0782529300857133	0.744060817674610
0.0782529300857133	0.718929673445473
0.0782529300857133	0.694887580989062
0.0782529300857133	0.672152550130746
0.0782529300857133	0.650867240318565
0.0782529300857133	0.631110933114842
0.0782529300857133	0.612911226858664
0.0782529300857133	0.596254979563843
0.0782529300857133	0.581098154555259
0.0782529300857133	0.567374372140080
0.0782529300857133	0.555002102820624
0.0782529300857133	0.543890538425070
0.0782529300857133	0.533944244954373
0.0782529300857133	0.525066739119571
0.0782529300857133	0.517163146048258
0.0782529300857133	0.510142095209529
0.0782529300857133	0.503917001070934
0.0782529300857133	0.498406858902509
0.0782529300857133	0.493536667747365
0.0782529300857133	0.489237574057165
0.0782529300857133	0.485446812162607
0.0782529300857133	0.482107502312175
0.0782529300857133	0.479168353743358
0.0782529300857133	0.476583309156805
0.0782529300857133	0.474311157896466
0.0782529300857133	0.472315137869572
0.0782529300857133	0.470562540512474
0.0782529300857133	0.469024328667389
0.0782529300857133	0.467674773846227
0.0782529300857133	0.466491116813818
0.0782529300857133	0.465453253547608
0.0782529300857133	0.464543447277307
0.0782529300857133	0.463746066356107
0.0782529300857133	0.463047347068780
0.0782529300857133	0.462435180064764
0.0782529300857133	0.461898918856599
0.0782529300857133	0.461429208699491
0.396211040360617	0.461017834130970
0.396211040360617	0.460657583473599
0.396211040360617	0.460342128668483
0.396211040360617	0.460065918897852
0.396211040360617	0.459824086560441
0.396211040360617	0.472458537260966
0.396211040360617	0.503447900268803
0.396211040360617	0.543793455849325
0.396211040360617	0.587325829223985
0.396211040360617	0.630242906199950
0.396211040360617	0.670446551011206
0.396211040360617	0.706954081556405
0.396211040360617	0.739460816294174
0.396211040360617	0.768044986917952
0.396211040360617	0.792981213365366
0.396211040360617	0.814628591964445
0.396211040360617	0.833366922783902
0.396211040360617	0.849562636047200
0.396211040360617	0.863552371700628
0.396211040360617	0.875636666820548
0.396211040360617	0.886079170004539
0.396211040360617	0.895108675804080
0.396211040360617	0.902922423588589
0.396211040360617	0.909689797124230
0.396211040360617	0.915555968729251
0.396211040360617	0.920645266911168
0.396211040360617	0.925064178383472
0.396211040360617	0.928903966715530
0.396211040360617	0.932242926130937
0.396211040360617	0.935148305341729
0.396211040360617	0.937677941737994
0.396211040360617	0.939881645943685
0.396211040360617	0.941802373669637
0.396211040360617	0.943477217600043
0.396211040360617	0.944938247628532
0.396211040360617	0.946213223563681
0.396211040360617	0.947326200651503
0.396211040360617	0.948298044978710
0.396211040360617	0.949146873018711
0.396211040360617	0.949888427222193
0.396211040360617	0.950536397582130
0.396211040360617	0.951102697463711
0.396211040360617	0.951597700630463
0.396211040360617	0.952030445272354
0.396211040360617	0.952408809909535
0.396211040360617	0.952739665272821
0.396211040360617	0.953029005620593
0.396211040360617	0.953282062418253
0.396211040360617	0.953503402861440
0.396211040360617	0.953697015352241
0.333055826805174	0.953866383725795
0.333055826805174	0.954014551762486
0.333055826805174	0.954144179299879
0.333055826805174	0.954257591071668
0.333055826805174	0.954356819242428
0.333055826805174	0.954015261871386
0.333055826805174	0.953019533279048
0.333055826805174	0.951619337414509
0.333055826805174	0.949990976243791
0.333055826805174	0.948258076633332
0.333055826805174	0.946506110673392
0.333055826805174	0.944792800913835
0.333055826805174	0.943155699783248
0.333055826805174	0.941617770235151
0.333055826805174	0.940191519212648
0.333055826805174	0.938882065203657
0.333055826805174	0.937689411611116
0.333055826805174	0.936610124342141
0.333055826805174	0.935638561085201
0.333055826805174	0.934767763207934
0.333055826805174	0.933990094326836
0.333055826805174	0.933297689454036
0.333055826805174	0.932682763341674
0.333055826805174	0.932137814963583
0.333055826805174	0.931655756116277
0.333055826805174	0.931229985246901
0.333055826805174	0.930854422346482
0.333055826805174	0.930523516718106
0.333055826805174	0.930232236360135
0.333055826805174	0.929976045375684
0.333055826805174	0.929750874061161
0.333055826805174	0.929553085006100
0.333055826805174	0.929379437550808
0.333055826805174	0.929227052217641
0.333055826805174	0.929093376194342
0.333055826805174	0.928976150556389
0.333055826805174	0.928873379633327
0.333055826805174	0.928783302723868
0.333055826805174	0.928704368225009
0.333055826805174	0.928635210145578
0.333055826805174	0.928574626912455
0.333055826805174	0.928521562339189
0.333055826805174	0.928475088605034
0.333055826805174	0.928434391082719
0.333055826805174	0.928398754851654
0.333055826805174	0.928367552737179
0.333055826805174	0.928340234723937
0.333055826805174	0.928316318600936
0.333055826805174	0.928295381706577
0.333055826805174	0.928277053652934
-0.643735091199325	0.928261009919603
-0.643735091199325	0.928246966218041
-0.643735091199325	0.928234673537371
-0.643735091199325	0.928223913791990
-0.643735091199325	0.928214495999913
-0.643735091199325	0.912167651882928
-0.643735091199325	0.868545859853708
-0.643735091199325	0.799874165587337
-0.643735091199325	0.706011028826172
-0.643735091199325	0.586087288469630
-0.643735091199325	0.439500741308120
-0.643735091199325	0.266473929010246
-0.643735091199325	0.0683284267244243
-0.643735091199325	-0.152465606097099
-0.643735091199325	-0.392418801509439
-0.643735091199325	-0.647277166602513
-0.643735091199325	-0.912342457490514
-0.643735091199325	-1.18280243182374
-0.643735091199325	-1.45402689609910
-0.643735091199325	-1.72180154708422
-0.643735091199325	-1.98248765718645
-0.643735091199325	-2.23310868544816
-0.643735091199325	-2.47137359847142
-0.643735091199325	-2.69565111140682
-0.643735091199325	-2.90491006212555
-0.643735091199325	-3.09863984735387
-0.643735091199325	-3.27676234304407
-0.643735091199325	-3.43954382390178
-0.643735091199325	-3.58751262585008
-0.643735091199325	-3.72138594882249
-0.643735091199325	-3.84200738142238
-0.643735091199325	-3.95029543371417
-0.643735091199325	-4.04720251847780
-0.643735091199325	-4.13368333021170
-0.643735091199325	-4.21067134060881
-0.643735091199325	-4.27906207683076
-0.643735091199325	-4.33970190894121
-0.643735091199325	-4.39338119633413
-0.643735091199325	-4.44083079554353
-0.643735091199325	-4.48272109082286
-0.643735091199325	-4.51966286053202
-0.643735091199325	-4.55220942913988
-0.643735091199325	-4.58085967324820
-0.643735091199325	-4.60606154986938
-0.643735091199325	-4.62821589723754
-0.643735091199325	-4.64768032452315
-0.643735091199325	-4.66477305912125
-0.643735091199325	-4.67977666089050
-0.643735091199325	-4.69294154389602
-0.643735091199325	-4.70448926968991
-0.743971200559655	-4.71461559352699
-0.743971200559655	-4.72349325748426
-0.743971200559655	-4.73127453331569
-0.743971200559655	-4.73809352390769
-0.743971200559655	-4.74406823610279
-0.743971200559655	-4.75063397837092
-0.743971200559655	-4.75854766524970
-0.743971200559655	-4.76710887656083
-0.743971200559655	-4.77583574912594
-0.743971200559655	-4.78440504293469
-0.743971200559655	-4.79260801397643
-0.743971200559655	-4.80031789947272
-0.743971200559655	-4.80746598323723
-0.743971200559655	-4.81402402273706
-0.743971200559655	-4.81999140074208
-0.743971200559655	-4.82538578620843
-0.743971200559655	-4.83023639871290
-0.743971200559655	-4.83457920011345
-0.743971200559655	-4.83845350801786
-0.743971200559655	-4.84189965349733
-0.743971200559655	-4.84495740134801
-0.743971200559655	-4.84766492315957
-0.743971200559655	-4.85005816746242
-0.743971200559655	-4.85217051173837
-0.743971200559655	-4.85403261142903
-0.743971200559655	-4.85567238376662
-0.743971200559655	-4.85711508117759
-0.743971200559655	-4.85838342159724
-0.743971200559655	-4.85949775236294
-0.743971200559655	-4.86047623123986
-0.743971200559655	-4.86133501319035
-0.743971200559655	-4.86208843519031
-0.743971200559655	-4.86274919407182
-0.743971200559655	-4.86332851429293
-0.743971200559655	-4.86383630389948
-0.743971200559655	-4.86428129789801
-0.743971200559655	-4.86467118891181
-0.743971200559655	-4.86501274542787
-0.743971200559655	-4.86531191821956
-0.743971200559655	-4.86557393569512
-0.743971200559655	-4.86580338900775
-0.743971200559655	-4.86600430779388
-0.743971200559655	-4.86618022739963
-0.743971200559655	-4.86633424842478
-0.743971200559655	-4.86646908936786
-0.743971200559655	-4.86658713310130
-0.743971200559655	-4.86669046784750
-0.743971200559655	-4.86678092326740
-0.743971200559655	-4.86686010221545
-0.743971200559655	-4.86692940865937
0.998160789522721	-4.86699007221181
0.998160789522721	-4.86704316967265
0.998160789522721	-4.86708964393716
0.998160789522721	-4.86713032058518
0.998160789522721	-4.86716592243063
0.998160789522721	-4.55220115211669
0.998160789522721	-3.83487118850425
0.998160789522721	-2.99766742260664
0.998160789522721	-2.20743684101642
0.998160789522721	-1.53433434927054
0.998160789522721	-0.991590219088395
0.998160789522721	-0.566457527168914
0.998160789522721	-0.237960867871786
0.998160789522721	0.0148077155727377
0.998160789522721	0.209636232315496
0.998160789522721	0.360600526945134
0.998160789522721	0.478439511885376
0.998160789522721	0.571200139963195
0.998160789522721	0.644867988229591
0.998160789522721	0.703891333276104
0.998160789522721	0.751586405005958
0.998160789522721	0.790439595438326
0.998160789522721	0.822328713509020
0.998160789522721	0.848683624151563
0.998160789522721	0.870602612790998
0.998160789522721	0.888936808334030
0.998160789522721	0.904351678177688
0.998160789522721	0.917372073513147
0.998160789522721	0.928415444332006
0.998160789522721	0.937816509660275
0.998160789522721	0.945845721841517
0.998160789522721	0.952723194911692
0.998160789522721	0.958629294989657
0.998160789522721	0.963712756686604
0.998160789522721	0.968096952509118
0.998160789522721	0.971884773181252
0.998160789522721	0.975162455583746
0.998160789522721	0.978002607558040
0.998160789522721	0.980466615345637
0.998160789522721	0.982606573064655
0.998160789522721	0.984466839537087
0.998160789522721	0.986085302559896
0.998160789522721	0.987494411935366
0.998160789522721	0.988722028507959
0.998160789522721	0.989792125849878
0.998160789522721	0.990725373194654
0.998160789522721	0.991539622081537
0.998160789522721	0.992250314463739
0.998160789522721	0.992870826397652
0.998160789522721	0.993412758606788
-0.657757867287136	0.993886183009199
-0.657757867287136	0.994299852565034
-0.657757867287136	0.994661380432604
-0.657757867287136	0.994977393334201
-0.657757867287136	0.995253663164321
-0.657757867287136	0.981726732435408
-0.657757867287136	0.944271265236111
-0.657757867287136	0.884501529420258
-0.657757867287136	0.801561956862203
-0.657757867287136	0.693872412885950
-0.657757867287136	0.560064838567716
-0.657757867287136	0.399559658870466
-0.657757867287136	0.212898690124018
-0.657757867287136	0.00186512662118346
-0.657757867287136	-0.230585070919739
-0.657757867287136	-0.480539994497378
-0.657757867287136	-0.743442061585583
-0.657757867287136	-1.01443326783788
-0.657757867287136	-1.28868429106192
-0.657757867287136	-1.56167085614463
-0.657757867287136	-1.82937756376792
-0.657757867287136	-2.08842445007237
-0.657757867287136	-2.33612264678834
-0.657757867287136	-2.57047207343224
-0.657757867287136	-2.79011666287442
-0.657757867287136	-2.99427228052538
-0.657757867287136	-3.18264040495967
-0.657757867287136	-3.35531776776534
-0.657757867287136	-3.51270919143124
-0.657757867287136	-3.65544822613892
-0.657757867287136	-3.78432805836497
-0.657757867287136	-3.90024358489969
-0.657757867287136	-4.00414446656618
-0.657757867287136	-4.09699830756376
-0.657757867287136	-4.17976275027037
-0.657757867287136	-4.25336514044217
-0.657757867287136	-4.31868842844343
-0.657757867287136	-4.37656207024248
-0.657757867287136	-4.42775683538976
-0.657757867287136	-4.47298258947745
-0.657757867287136	-4.51288827750961
-0.657757867287136	-4.54806348164135
-0.657757867287136	-4.57904105659920
-0.657757867287136	-4.60630045695499
-0.657757867287136	-4.63027146260055
-0.657757867287136	-4.65133808376081
-0.657757867287136	-4.66984248675714
-0.657757867287136	-4.68608882873145
-0.657757867287136	-4.70034692584076
-0.657757867287136	-4.71285570701341
-0.934798358938944	-4.72382642595841
-0.934798358938944	-4.73344561920594
-0.934798358938944	-4.74187780875351
-0.934798358938944	-4.74926795538839
-0.934798358938944	-4.75574367375161
-0.934798358938944	-4.76341273255010
-0.934798358938944	-4.77337289413221
-0.934798358938944	-4.78454304448872
-0.934798358938944	-4.79617290129022
-0.934798358938944	-4.80775262687505
-0.934798358938944	-4.81894648356009
-0.934798358938944	-4.82954398939180
-0.934798358938944	-4.83942393208494
-0.934798358938944	-4.84852788955946
-0.934798358938944	-4.85684080529276
-0.934798358938944	-4.86437680776650
-0.934798358938944	-4.87116892800217
-0.934798358938944	-4.87726171054464
-0.934798358938944	-4.88270596643177
-0.934798358938944	-4.88755510570614
-0.934798358938944	-4.89186262873748
-0.934798358938944	-4.89568046212218
-0.934798358938944	-4.89905790503491
-0.934798358938944	-4.90204101215820
-0.934798358938944	-4.90467228458722
-0.934798358938944	-4.90699057406681
-0.934798358938944	-4.90903113133584
-0.934798358938944	-4.91082574832589
-0.934798358938944	-4.91240295807435
-0.934798358938944	-4.91378826666988
-0.934798358938944	-4.91500439926027
-0.934798358938944	-4.91607154780953
-0.934798358938944	-4.91700761241093
-0.934798358938944	-4.91782843093957
-0.934798358938944	-4.91854799395612
-0.934798358938944	-4.91917864327483
-0.934798358938944	-4.91973125364978
-0.934798358938944	-4.92021539773734
-0.934798358938944	-4.92063949495322
-0.934798358938944	-4.92101094512745
-0.934798358938944	-4.92133624802034
-0.934798358938944	-4.92162110983620
-0.934798358938944	-4.92187053788427
-0.934798358938944	-4.92208892450988
-0.934798358938944	-4.92228012136689
-0.934798358938944	-4.92244750503468
-0.934798358938944	-4.92259403490809
-0.934798358938944	-4.92272230421014
-0.934798358938944	-4.92283458489974
-0.934798358938944	-4.92293286717159
0.122399585419320	-4.92301889417421
0.122399585419320	-4.92309419250641
0.122399585419320	-4.92316009899137
0.122399585419320	-4.92321778417206
0.122399585419320	-4.92326827292168
0.122399585419320	-4.69374383133971
0.122399585419320	-4.15726823642737
0.122399585419320	-3.50306348580714
0.122399585419320	-2.85102861930839
0.122399585419320	-2.26146378213484
0.122399585419320	-1.75599770332716
0.122399585419320	-1.33535762050453
0.122399585419320	-0.990885352924304
0.122399585419320	-0.710918540500151
0.122399585419320	-0.483887298226239
0.122399585419320	-0.299578398223559
0.122399585419320	-0.149478636645539
0.122399585419320	-0.0267052422803657
0.122399585419320	0.0742170799020599
0.122399585419320	0.157610418770084
0.122399585419320	0.226878081174928
0.122399585419320	0.284702248297259
0.122399585419320	0.333203219158293
0.122399585419320	0.374064565484095
0.122399585419320	0.408630181663782
0.122399585419320	0.437979042313960
0.122399585419320	0.462982653299625
0.122399585419320	0.484349224466854
0.122399585419320	0.502657714736249
0.122399585419320	0.518384169054031
0.122399585419320	0.531922186414843
0.122399585419320	0.543598909918225
0.122399585419320	0.553687588884213
0.122399585419320	0.562417505974656
0.122399585419320	0.569981869258156
0.122399585419320	0.576544124466546
0.122399585419320	0.582243034176234
0.122399585419320	0.587196789120669
0.122399585419320	0.591506355423513
0.122399585419320	0.595258215119884
0.122399585419320	0.598526622109791
0.122399585419320	0.601375468850379
0.122399585419320	0.603859838554691
0.122399585419320	0.606027301873384
0.122399585419320	0.607919004836846
0.122399585419320	0.609570585365092
0.122399585419320	0.611012948264522
0.122399585419320	0.612272922837269
0.122399585419320	0.613373822662726
0.122399585419320	0.614335923493351
0.763733000903620	0.615176872325895
0.763733000903620	0.615912038402818
0.763733000903620	0.616554815042585
0.763733000903620	0.617116879696052
0.763733000903620	0.617608418405326
0.763733000903620	0.627434311089176
0.763733000903620	0.650641427006810
0.763733000903620	0.680724816833117
0.763733000903620	0.713223299897444
0.763733000903620	0.745366533734913
0.763733000903620	0.775602241102481
0.763733000903620	0.803181408033334
0.763733000903620	0.827849417418760
0.763733000903620	0.849636092332826
0.763733000903620	0.868721426797081
0.763733000903620	0.885353779901385
0.763733000903620	0.899802311353479
0.763733000903620	0.912330841187079
0.763733000903620	0.923184660636471
0.763733000903620	0.932584914381684
0.763733000903620	0.940727237616058
0.763733000903620	0.947782653368120
0.763733000903620	0.953899559629469
0.763733000903620	0.959206139018257
0.763733000903620	0.963812825435596
0.763733000903620	0.967814639814166
0.763733000903620	0.971293309390162
0.763733000903620	0.974319142156944
0.763733000903620	0.976952658745220
0.763733000903620	0.979245999087864
0.763733000903620	0.981244127556509
0.763733000903620	0.982985861765281
0.763733000903620	0.984504749242764
0.763733000903620	0.985829814007863
0.763733000903620	0.986986192493704
0.763733000903620	0.987995675646014
0.763733000903620	0.988877171578099
0.763733000903620	0.989647100979810
0.763733000903620	0.990319735576059
0.763733000903620	0.990907488302592
0.763733000903620	0.991421162488263
0.763733000903620	0.991870166173747
0.763733000903620	0.992262696725686
0.763733000903620	0.992605900093845
0.763733000903620	0.992906008381283
0.763733000903620	0.993168458831666
0.763733000903620	0.993397996864713
0.763733000903620	0.993598765394669
0.763733000903620	0.993774382334365
0.763733000903620	0.993928007908047
0.338350609068788	0.994062403160736
0.338350609068788	0.994179980852959
0.338350609068788	0.994282849761278
0.338350609068788	0.994372853262058
0.338350609068788	0.994451602954214
0.338350609068788	0.993568937901668
0.338350609068788	0.991239099135778
0.338350609068788	0.987998768968727
0.338350609068788	0.984226606929234
0.338350609068788	0.980191569870908
0.338350609068788	0.976084002663398
0.338350609068788	0.972036694863138
0.338350609068788	0.968139787079637
0.338350609068788	0.964451695079889
0.338350609068788	0.961007310848988
0.338350609068788	0.957824248618313
0.338350609068788	0.954907632093059
0.338350609068788	0.952253763693688
0.338350609068788	0.949852923389579
0.338350609068788	0.947691485101594
0.338350609068788	0.945753497703126
0.338350609068788	0.944021847544936
0.338350609068788	0.942479096104569
0.338350609068788	0.941108067677417
0.338350609068788	0.939892246808730
0.338350609068788	0.938816032710349
0.338350609068788	0.937864887735276
0.338350609068788	0.937025408731232
0.338350609068788	0.936285343455204
0.338350609068788	0.935633568938727
0.338350609068788	0.935060044515178
0.338350609068788	0.934555748952506
0.338350609068788	0.934112608603493
0.338350609068788	0.933723421543353
0.338350609068788	0.933381781188734
0.338350609068788	0.933082001782441
0.338350609068788	0.932819047302901
0.338350609068788	0.932588464751421
0.338350609068788	0.932386322331860
0.338350609068788	0.932209152725893
0.338350609068788	0.932053901450971
0.338350609068788	0.931917880142923
0.338350609068788	0.931798724512196
0.338350609068788	0.931694356667709
0.338350609068788	0.931602951474456
0.338350609068788	0.931522906602181
0.338350609068788	0.931452815926748
0.338350609068788	0.931391445958692
0.338350609068788	0.931337714991769
0.338350609068788	0.931290674685618
-0.619133465640092	0.931249493819452
-0.619133465640092	0.931213443976677
-0.619133465640092	0.931181886942873
-0.619133465640092	0.931154263621054
-0.619133465640092	0.931130084288299
-0.619133465640092	0.915194567784009
-0.619133465640092	0.871892558830021
-0.619133465640092	0.803716792423731
-0.619133465640092	0.710512079370617
-0.619133465640092	0.591400332450023
-0.619133465640092	0.445768842132871
-0.619133465640092	0.273825420879864
-0.619133465640092	0.0768721722165078
-0.619133465640092	-0.142644167288677
-0.619133465640092	-0.381260087885773
-0.619133465640092	-0.634748119864690
-0.619133465640092	-0.898435537171066
-0.619133465640092	-1.16753326511568
-0.619133465640092	-1.43743101156017
-0.619133465640092	-1.70393062645118
-0.619133465640092	-1.96340568131786
-0.619133465640092	-2.21288826092502
-0.619133465640092	-2.45009265577786
-0.619133465640092	-2.67339007985803
-0.619133465640092	-2.88174955858463
-0.619133465640092	-3.07465886711550
-0.619133465640092	-3.25203691031799
-0.619133465640092	-3.41414604269081
-0.619133465640092	-3.56151006589117
-0.619133465640092	-3.69484130219020
-0.619133465640092	-3.81497833058634
-0.619133465640092	-3.92283467921833
-0.619133465640092	-4.01935792254124
-0.619133465640092	-4.10549814052929
-0.619133465640092	-4.18218446593656
-0.619133465640092	-4.25030839232260
-0.619133465640092	-4.31071257458860
-0.619133465640092	-4.36418397627778
-0.619133465640092	-4.41145036956790
-0.619133465640092	-4.45317935212435
-0.619133465640092	-4.48997919599130
-0.619133465640092	-4.52240097994365
-0.619133465640092	-4.55094157489746
-0.619133465640092	-4.57604715147039
-0.619133465640092	-4.59811696057087
-0.619133465640092	-4.61750720378775
-0.619133465640092	-4.63453486250243
-0.619133465640092	-4.64948139524187
-0.619133465640092	-4.66259624388658
-0.619133465640092	-4.67410011277142
-0.262166907872210	-4.68418800204137
-0.262166907872210	-4.69303198916978
-0.262166907872210	-4.70078376139350
-0.262166907872210	-4.70757690784453
-0.262166907872210	-4.71352898405647
-0.262166907872210	-4.68295717334147
-0.262166907872210	-4.59902938540813
-0.262166907872210	-4.48438769853105
-0.262166907872210	-4.35495887693194
-0.262166907872210	-4.22140235338553
-0.262166907872210	-4.09050161567388
-0.262166907872210	-3.96631164641228
-0.262166907872210	-3.85103201015396
-0.262166907872210	-3.74563917784418
-0.262166907872210	-3.65032939842631
-0.262166907872210	-3.56482123667578
-0.262166907872210	-3.48855799442297
-0.262166907872210	-3.42084048604004
-0.262166907872210	-3.36091223913664
-0.262166907872210	-3.30801265999099
-0.262166907872210	-3.26140889954939
-0.262166907872210	-3.22041373907524
-0.262166907872210	-3.18439443557306
-0.262166907872210	-3.15277583397574
-0.262166907872210	-3.12503994273064
-0.262166907872210	-3.10072341970064
-0.262166907872210	-3.07941391175957
-0.262166907872210	-3.06074585481669
-0.262166907872210	-3.04439611697482
-0.262166907872210	-3.03007971923730
-0.262166907872210	-3.01754577070496
-0.262166907872210	-3.00657369174359
-0.262166907872210	-2.99696975785263
-0.262166907872210	-2.98856397132994
-0.262166907872210	-2.98120725220264
-0.262166907872210	-2.97476893085748
-0.262166907872210	-2.96913452006011
-0.262166907872210	-2.96420374206514
-0.262166907872210	-2.95988878626387
-0.262166907872210	-2.95611277361288
-0.262166907872210	-2.95280840548579
-0.262166907872210	-2.94991677629933
-0.262166907872210	-2.94738633109492
-0.262166907872210	-2.94517195108986
-0.262166907872210	-2.94323415197679
-0.262166907872210	-2.94153838140516
-0.262166907872210	-2.94005440360364
-0.262166907872210	-2.93875576049072
-0.262166907872210	-2.93761929987202
-0.262166907872210	-2.93662476244381
-0.0785481254791769	-2.93575442032010
-0.0785481254791769	-2.93499276068655
-0.0785481254791769	-2.93432620896733
-0.0785481254791769	-2.93374288658215
-0.0785481254791769	-2.93323239897895
-0.0785481254791769	-2.88112801993034
-0.0785481254791769	-2.75456662298092
-0.0785481254791769	-2.58843608502159
-0.0785481254791769	-2.40686718983465
-0.0785481254791769	-2.22518630681660
-0.0785481254791769	-2.05232136600705
-0.0785481254791769	-1.89289442604909
-0.0785481254791769	-1.74879670546925
-0.0785481254791769	-1.62028133566734
-0.0785481254791769	-1.50668155120066
-0.0785481254791769	-1.40686344465698
-0.0785481254791769	-1.31950075856782
-0.0785481254791769	-1.24323480564724
-0.0785481254791769	-1.17676239526197
-0.0785481254791769	-1.11887982306656
-0.0785481254791769	-1.06850079960104
-0.0785481254791769	-1.02465947059272
-0.0785481254791769	-0.986505356596102
-0.0785481254791769	-0.953294308920836
-0.0785481254791769	-0.924377880385809
-0.0785481254791769	-0.899192467376660
-0.0785481254791769	-0.877248949469543
-0.0785481254791769	-0.858123178349742
-0.0785481254791769	-0.841447450392984
-0.0785481254791769	-0.826902975525954
-0.0785481254791769	-0.814213290654942
-0.0785481254791769	-0.803138535530070
-0.0785481254791769	-0.793470498024628
-0.0785481254791769	-0.785028335753352
-0.0785481254791769	-0.777654886528402
-0.0785481254791769	-0.771213488302681
-0.0785481254791769	-0.765585238230664
-0.0785481254791769	-0.760666629330024
-0.0785481254791769	-0.756367511466197
-0.0785481254791769	-0.752609330794096
-0.0785481254791769	-0.749323608319442
-0.0785481254791769	-0.746450623913750
-0.0785481254791769	-0.743938277000122
-0.0785481254791769	-0.741741099307213
-0.0785481254791769	-0.739819398654428
-0.0785481254791769	-0.738138515766801
-0.0785481254791769	-0.736668178699822
-0.0785481254791769	-0.735381941650225
-0.0785481254791769	-0.734256696797309
-0.0785481254791769	-0.733272249410794
0.963275901941499	-0.732410947818430
0.963275901941499	-0.731657360985611
0.963275901941499	-0.730997997450498
0.963275901941499	-0.730421060207360
0.963275901941499	-0.729916232859388
0.963275901941499	-0.663091976686774
0.963275901941499	-0.506589919931516
0.963275901941499	-0.313811317358919
0.963275901941499	-0.119109387729148
0.963275901941499	0.0595572060609717
0.963275901941499	0.215094355420651
0.963275901941499	0.346500413781282
0.963275901941499	0.455687440916424
0.963275901941499	0.545652405313484
0.963275901941499	0.619541286322741
0.963275901941499	0.680231108268396
0.963275901941499	0.730185251439847
0.963275901941499	0.771440139933811
0.963275901941499	0.805647321886264
0.963275901941499	0.834133022047089
0.963275901941499	0.857957769430752
0.963275901941499	0.877969162083473
0.963275901941499	0.894845850882887
0.963275901941499	0.909133037385317
0.963275901941499	0.921270610054926
0.963275901941499	0.931615228506471
0.963275901941499	0.940457577660758
0.963275901941499	0.948035831388115
0.963275901941499	0.954546169077756
0.963275901941499	0.960151011405977
0.963275901941499	0.964985493563332
0.963275901941499	0.969162575572502
0.963275901941499	0.972777096488513
0.963275901941499	0.975909007623572
0.963275901941499	0.978625965084224
0.963275901941499	0.980985420086964
0.963275901941499	0.983036313684738
0.963275901941499	0.984820458301670
0.963275901941499	0.986373669997366
0.963275901941499	0.987726701264113
0.963275901941499	0.988906013340513
0.963275901941499	0.989934418704247
0.963275901941499	0.990831617983282
0.963275901941499	0.991614650545665
0.963275901941499	0.992298274151680
0.963275901941499	0.992895286020625
0.963275901941499	0.993416795282520
0.963275901941499	0.993872454904517
0.963275901941499	0.994270659689812
0.963275901941499	0.994618715757234
-0.687190095546873	0.994922985956407
-0.687190095546873	0.995189014905597
-0.687190095546873	0.995421636717845
-0.687190095546873	0.995625067975372
-0.687190095546873	0.995802988098914
-0.687190095546873	0.982197544285937
-0.687190095546873	0.944667751157057
-0.687190095546873	0.884799604694784
-0.687190095546873	0.801711638331942
-0.687190095546873	0.693798245035377
-0.687190095546873	0.559667110039225
-0.687190095546873	0.398717672253419
-0.687190095546873	0.211476379828792
-0.687190095546873	-0.000281411145437449
-0.687190095546873	-0.233599048287010
-0.687190095546873	-0.484555494768387
-0.687190095546873	-0.748576692859519
-0.687190095546873	-1.02078261992659
-0.687190095546873	-1.29631854241077
-0.687190095546873	-1.57063353054912
-0.687190095546873	-1.83968617281930
-0.687190095546873	-2.10007260118123
-0.687190095546873	-2.34908314199237
-0.687190095546873	-2.58470054697444
-0.687190095546873	-2.80555537627944
-0.687190095546873	-3.01085378596008
-0.687190095546873	-3.20029088119674
-0.687190095546873	-3.37395991578151
-0.687190095546873	-3.53226464270962
-0.687190095546873	-3.67583946486885
-0.687190095546873	-3.80547989050749
-0.687190095546873	-3.92208420543311
-0.687190095546873	-4.02660618442763
-0.687190095546873	-4.12001798891800
-0.687190095546873	-4.20328203731938
-0.687190095546873	-4.27733049700636
-0.687190095546873	-4.34305105641094
-0.687190095546873	-4.40127773364762
-0.687190095546873	-4.45278562193228
-0.687190095546873	-4.49828863305422
-0.687190095546873	-4.53843945994051
-0.687190095546873	-4.57383112725369
-0.687190095546873	-4.60499962964260
-0.687190095546873	-4.63242726886519
-0.687190095546873	-4.65654639381513
-0.687190095546873	-4.67774332300978
-0.687190095546873	-4.69636228941024
-0.687190095546873	-4.71270929479594
-0.687190095546873	-4.72705579749430
-0.687190095546873	-4.73964218506540
0.711045611691823	-4.75068100430706
0.711045611691823	-4.76035993615903
0.711045611691823	-4.76884451397321
0.711045611691823	-4.77628059118106
0.711045611691823	-4.78279656943140
0.711045611691823	-4.47945679602588
0.711045611691823	-3.77940823875318
0.711045611691823	-2.95910106762224
0.711045611691823	-2.18262587235501
0.711045611691823	-1.51963030132337
0.711045611691823	-0.983858961373025
0.711045611691823	-0.563343007765050
0.711045611691823	-0.237815565874012
0.711045611691823	0.0130879444691188
0.711045611691823	0.206772309025904
0.711045611691823	0.357055240717288
0.711045611691823	0.474506281967795
0.711045611691823	0.567062918097318
0.711045611691823	0.640640587609560
0.711045611691823	0.699642867365635
0.711045611691823	0.747357618272591
0.711045611691823	0.786253313423710
0.711045611691823	0.818196524114684
0.711045611691823	0.844610149748482
0.711045611691823	0.866588241704325
0.711045611691823	0.884979439155124
0.711045611691823	0.900447829821608
0.711045611691823	0.913517586671314
0.711045611691823	0.924605919145996
0.711045611691823	0.934047572969235
0.711045611691823	0.942113184437442
0.711045611691823	0.949023138081149
0.711045611691823	0.954958111952670
0.711045611691823	0.960067165666411
0.711045611691823	0.964473992371944
0.711045611691823	0.968281788785549
0.711045611691823	0.971577077477160
0.711045611691823	0.974432729009183
0.711045611691823	0.976910368605927
0.711045611691823	0.979062306033601
0.711045611691823	0.980933093528135
0.711045611691823	0.982560791551331
0.711045611691823	0.983978003487512
0.711045611691823	0.985212726397692
0.711045611691823	0.986289054392166
0.711045611691823	0.987227763172019
0.711045611691823	0.988046798175159
0.711045611691823	0.988761684066912
0.711045611691823	0.989385869688423
0.711045611691823	0.989931019758591
0.289529073740176	0.990407262423721
0.289529073740176	0.990823400019026
0.289529073740176	0.991187089038762
0.289529073740176	0.991504994225014
0.289529073740176	0.991782920816426
0.289529073740176	0.990686488147881
0.289529073740176	0.987528770139074
0.289529073740176	0.983054837254978
0.289529073740176	0.977789329803363
0.289529073740176	0.972107631084036
0.289529073740176	0.966279326024637
0.289529073740176	0.960496441746241
0.289529073740176	0.954892925242946
0.289529073740176	0.949558780397701
0.289529073740176	0.944550729487481
0.289529073740176	0.939900454435030
0.289529073740176	0.935621048315392
0.289529073740176	0.931712082493601
0.289529073740176	0.928163572560548
0.289529073740176	0.924959056433844
0.289529073740176	0.922077954520200
0.289529073740176	0.919497351572303
0.289529073740176	0.917193316471257
0.289529073740176	0.915141856721850
0.289529073740176	0.913319587720470
0.289529073740176	0.911704182341855
0.289529073740176	0.910274653873418
0.289529073740176	0.909011514665401
0.289529073740176	0.907896843920673
0.289529073740176	0.906914290656463
0.289529073740176	0.906049031850464
0.289529073740176	0.905287700947421
0.289529073740176	0.904618298066366
0.289529073740176	0.904030090242572
0.289529073740176	0.903513507710004
0.289529073740176	0.903060040447179
0.289529073740176	0.902662137860353
0.289529073740176	0.902313113469781
0.289529073740176	0.902007055721828
0.289529073740176	0.901738745510899
0.289529073740176	0.901503580611983
0.289529073740176	0.901297506959030
0.289529073740176	0.901116956526479
0.289529073740176	0.900958791458231
0.289529073740176	0.900820254022516
0.289529073740176	0.900698921939095
0.289529073740176	0.900592668617028
0.289529073740176	0.900499627849239
0.289529073740176	0.900418162528864
0.289529073740176	0.900346836977708
-0.247455579442337	0.900284392506204
-0.247455579442337	0.900229725854953
-0.247455579442337	0.900181870198806
-0.247455579442337	0.900139978424498
-0.247455579442337	0.900103308421525
-0.247455579442337	0.885613827010612
-0.247455579442337	0.846830557929721
-0.247455579442337	0.787246327871579
-0.247455579442337	0.708203581984832
-0.247455579442337	0.610457265251110
-0.247455579442337	0.494905553770605
-0.247455579442337	0.362925817838939
-0.247455579442337	0.216479265784728
-0.247455579442337	0.0580648783492913
-0.247455579442337	-0.109421054222285
-0.247455579442337	-0.282872596213591
-0.247455579442337	-0.459169923567961
-0.247455579442337	-0.635354243291437
-0.247455579442337	-0.808764226366896
-0.247455579442337	-0.977126771305479
-0.247455579442337	-1.13860310796874
-0.247455579442337	-1.29179657962101
-0.247455579442337	-1.43573106030383
-0.247455579442337	-1.56980946588080
-0.247455579442337	-1.69376092997571
-0.247455579442337	-1.80758360610797
-0.247455579442337	-1.91148822921521
-0.247455579442337	-2.00584584834360
-0.247455579442337	-2.09114169833747
-0.247455579442337	-2.16793607079053
-0.247455579442337	-2.23683226237135
-0.247455579442337	-2.29845117467535
-0.247455579442337	-2.35341185372462
-0.247455579442337	-2.40231712986281
-0.247455579442337	-2.44574349889969
-0.247455579442337	-2.48423443241306
-0.247455579442337	-2.51829638911149
-0.247455579442337	-2.54839689922377
-0.247455579442337	-2.57496419639185
-0.247455579442337	-2.59838796830705
-0.247455579442337	-2.61902088397850
-0.247455579442337	-2.63718063025692
-0.247455579442337	-2.65315225287047
-0.247455579442337	-2.66719064851728
-0.247455579442337	-2.67952309573634
-0.247455579442337	-2.69035174476040
-0.247455579442337	-2.69985601175900
-0.247455579442337	-2.70819484212024
-0.247455579442337	-2.71550882186078
-0.247455579442337	-2.72192212688935
-0.618152609527394	-2.72754430751124
-0.618152609527394	-2.73247191092990
-0.618152609527394	-2.73678994812364
-0.618152609527394	-2.74057321378695
-0.618152609527394	-2.74388746936713
-0.618152609527394	-2.77352885211485
-0.618152609527394	-2.84366211458099
-0.618152609527394	-2.93994017098258
-0.618152609527394	-3.05223825199779
-0.618152609527394	-3.17322927582082
-0.618152609527394	-3.29755544514853
-0.618152609527394	-3.42131180749105
-0.618152609527394	-3.54169942107178
-0.618152609527394	-3.65677548736187
-0.618152609527394	-3.76526293286700
-0.618152609527394	-3.86639976845995
-0.618152609527394	-3.95981756411288
-0.618152609527394	-4.04544284333180
-0.618152609527394	-4.12341736585717
-0.618152609527394	-4.19403430620810
-0.618152609527394	-4.25768785822022
-0.618152609527394	-4.31483410453781
-0.618152609527394	-4.36596122482356
-0.618152609527394	-4.41156733336316
-0.618152609527394	-4.45214445175172
-0.618152609527394	-4.48816733447976
-0.618152609527394	-4.52008606819204
-0.618152609527394	-4.54832155286699
-0.618152609527394	-4.57326314078986
-0.618152609527394	-4.59526785487962
-0.618152609527394	-4.61466073150305
-0.618152609527394	-4.63173593555403
-0.618152609527394	-4.64675837929740
-0.618152609527394	-4.65996564366863
-0.618152609527394	-4.67157005386327
-0.618152609527394	-4.68176080251046
-0.618152609527394	-4.69070604564832
-0.618152609527394	-4.69855492097533
-0.618152609527394	-4.70543945603078
-0.618152609527394	-4.71147634737461
-0.618152609527394	-4.71676860156875
-0.618152609527394	-4.72140703567005
-0.618152609527394	-4.72547163971510
-0.618152609527394	-4.72903280684622
-0.618152609527394	-4.73215243871279
-0.618152609527394	-4.73488493490474
-0.618152609527394	-4.73727807567910
-0.618152609527394	-4.73937380731185
-0.618152609527394	-4.74120893918353
-0.618152609527394	-4.74281576129100
-0.143494014041228	-4.74422259034461
-0.143494014041228	-4.74545425201244
-0.143494014041228	-4.74653250625190
-0.143494014041228	-4.74747642204779
-0.143494014041228	-4.74830270727466
-0.143494014041228	-4.67161149464252
-0.143494014041228	-4.48329662542078
-0.143494014041228	-4.23591327083124
-0.143494014041228	-3.96579405432927
-0.143494014041228	-3.69593554898666
-0.143494014041228	-3.43964721716949
-0.143494014041228	-3.20374028917025
-0.143494014041228	-2.99092637872336
-0.143494014041228	-2.80147629321362
-0.143494014041228	-2.63430495464144
-0.143494014041228	-2.48765104639251
-0.143494014041228	-2.35948624586460
-0.143494014041228	-2.24775092490171
-0.143494014041228	-2.15048183396786
-0.143494014041228	-2.06587439757138
-0.143494014041228	-1.99230660885864
-0.143494014041228	-1.92834124258007
-0.143494014041228	-1.87271653959318
-0.143494014041228	-1.82433139750667
-0.143494014041228	-1.78222855855413
-0.143494014041228	-1.74557773750732
-0.143494014041228	-1.71365970457713
-0.143494014041228	-1.68585179286241
-0.143494014041228	-1.66161498783444
-0.143494014041228	-1.64048258496917
-0.143494014041228	-1.62205031390512
-0.143494014041228	-1.60596778853248
-0.143494014041228	-1.59193113106931
-0.143494014041228	-1.57967662177771
-0.143494014041228	-1.56897523702652
-0.143494014041228	-1.55962795258348
-0.143494014041228	-1.55146170389139
-0.143494014041228	-1.54432590935894
-0.143494014041228	-1.53808947575686
-0.143494014041228	-1.53263821641504
-0.143494014041228	-1.52787262304142
-0.143494014041228	-1.52370594071192
-0.143494014041228	-1.52006250304774
-0.143494014041228	-1.51687629095331
-0.143494014041228	-1.51408968368385
-0.143494014041228	-1.51165237558538
-0.143494014041228	-1.50952043572524
-0.143494014041228	-1.50765549091517
-0.143494014041228	-1.50602401541546
-0.143494014041228	-1.50459671297429
-0.0359558779362874	-1.50334797886930
-0.0359558779362874	-1.50225543133280
-0.0359558779362874	-1.50129950320560
-0.0359558779362874	-1.50046308591537
-0.0359558779362874	-1.49973121894706
-0.0359558779362874	-1.47312091818365
-0.0359558779362874	-1.40881520044021
-0.0359558779362874	-1.32384905162585
-0.0359558779362874	-1.23007531827033
-0.0359558779362874	-1.13518851399213
-0.0359558779362874	-1.04384587053910
-0.0359558779362874	-0.958620570880843
-0.0359558779362874	-0.880723160308366
-0.0359558779362874	-0.810511709132004
-0.0359558779362874	-0.747836617959315
-0.0359558779362874	-0.692265839986310
-0.0359558779362874	-0.643227692383520
-0.0359558779362874	-0.600098692971200
-0.0359558779362874	-0.562255605048480
-0.0359558779362874	-0.529104652287049
-0.0359558779362874	-0.500096460079090
-0.0359558779362874	-0.474732274532475
-0.0359558779362874	-0.452565009418672
-0.0359558779362874	-0.433197361207222
-0.0359558779362874	-0.416278384925969
-0.0359558779362874	-0.401499380962420
-0.0359558779362874	-0.388589598644814
-0.0359558779362874	-0.377312046136004
-0.0359558779362874	-0.367459561863653
-0.0359558779362874	-0.358851220610790
-0.0359558779362874	-0.351329098319479
-0.0359558779362874	-0.344755391322095
-0.0359558779362874	-0.339009870260845
-0.0359558779362874	-0.333987641398503
-0.0359558779362874	-0.329597185206972
-0.0359558779362874	-0.325758642063617
-0.0359558779362874	-0.322402316354349
-0.0359558779362874	-0.319467372518890
-0.0359558779362874	-0.316900699120172
-0.0359558779362874	-0.314655919608523
-0.0359558779362874	-0.312692530932288
-0.0359558779362874	-0.310975153443054
-0.0359558779362874	-0.309472877622672
-0.0359558779362874	-0.308158695014019
-0.0359558779362874	-0.307009002375688
-0.0359558779362874	-0.306003169517832
-0.0359558779362874	-0.305123162531153
-0.0359558779362874	-0.304353215213039
-0.0359558779362874	-0.303679542443348
-0.0359558779362874	-0.303090090085044
-0.758776773405675	-0.302574316697961
-0.758776773405675	-0.302123002971922
-0.758776773405675	-0.301728085320815
-0.758776773405675	-0.301382510543272
-0.758776773405675	-0.301080108857884
-0.758776773405675	-0.336598105747879
-0.758776773405675	-0.429316819573624
-0.758776773405675	-0.564631436931161
-0.758776773405675	-0.732954229764056
-0.758776773405675	-0.926926215428019
-0.758776773405675	-1.14021609837011
-0.758776773405675	-1.36705228097381
-0.758776773405675	-1.60210123899167
-0.758776773405675	-1.84049791528535
-0.758776773405675	-2.07792457468183
-0.758776773405675	-2.31068380255755
-0.758776773405675	-2.53574069716570
-0.758776773405675	-2.75072718546701
-0.758776773405675	-2.95391164433490
-0.758776773405675	-3.14414198544215
-0.758776773405675	-3.32077183132770
-0.758776773405675	-3.48357876921653
-0.758776773405675	-3.63268196932917
-0.758776773405675	-3.76846441746288
-0.758776773405675	-3.89150307596742
-0.758776773405675	-4.00250867429743
-0.758776773405675	-4.10227561366751
-0.758776773405675	-4.19164163505211
-0.758776773405675	-4.27145638684152
-0.758776773405675	-4.34255776413542
-0.758776773405675	-4.40575480454139
-0.758776773405675	-4.46181595474005
-0.758776773405675	-4.51146162065338
-0.758776773405675	-4.55536004741316
-0.758776773405675	-4.59412572007489
-0.758776773405675	-4.62831961737414
-0.758776773405675	-4.65845078030872
-0.758776773405675	-4.68497877086859
-0.758776773405675	-4.70831669260318
-0.758776773405675	-4.72883452443685
-0.758776773405675	-4.74686258370057
-0.758776773405675	-4.76269498566354
-0.758776773405675	-4.77659300694986
-0.758776773405675	-4.78878829105606
-0.758776773405675	-4.79948585749771
-0.758776773405675	-4.80886689343023
-0.758776773405675	-4.81709131919302
-0.758776773405675	-4.82430012817661
-0.758776773405675	-4.83061750756706
-0.758776773405675	-4.83615275056511
0.179014969390118	-4.84100197315062
0.179014969390118	-4.84524964978436
0.179014969390118	-4.84896998293550
0.179014969390118	-4.85222812123930
0.179014969390118	-4.85508124061357
0.179014969390118	-4.60682937370307
0.179014969390118	-4.02677617863817
0.179014969390118	-3.32665750002113
0.179014969390118	-2.63845428835148
0.179014969390118	-2.02577543305954
0.179014969390118	-1.50888411122705
0.179014969390118	-1.08554893074648
0.179014969390118	-0.744157360790271
0.179014969390118	-0.470687980308551
0.179014969390118	-0.251893199440015
0.179014969390118	-0.0764558499238421
0.179014969390118	0.0648174057008209
0.179014969390118	0.179199001068567
0.179014969390118	0.272364744781623
0.179014969390118	0.348719134913580
0.179014969390118	0.411677213347097
0.179014969390118	0.463892822060141
0.179014969390118	0.507437049079435
0.179014969390118	0.543935114609874
0.179014969390118	0.574670366386712
0.179014969390118	0.600662973216088
0.179014969390118	0.622729452442432
0.179014969390118	0.641527792438445
0.179014969390118	0.657591782043683
0.179014969390118	0.671357253453025
0.179014969390118	0.683182254092642
0.179014969390118	0.693362645053931
0.179014969390118	0.702144239141316
0.179014969390118	0.709732307495784
0.179014969390118	0.716299074171858
0.179014969390118	0.721989663328240
0.179014969390118	0.726926849235311
0.179014969390118	0.731214874364285
0.179014969390118	0.734942537549017
0.179014969390118	0.738185706873596
0.179014969390118	0.741009376359383
0.179014969390118	0.743469358653765
0.179014969390118	0.745613685526604
0.179014969390118	0.747483772419915
0.179014969390118	0.749115391363613
0.179014969390118	0.750539487371474
0.179014969390118	0.751782866302931
0.179014969390118	0.752868776622643
0.179014969390118	0.753817403139903
0.179014969390118	0.754646287384555
-0.547624640494649	0.755370686564224
-0.547624640494649	0.756003880889030
-0.547624640494649	0.756557437322442
-0.547624640494649	0.757041436427037
-0.547624640494649	0.757464667849718
-0.547624640494649	0.737112885495437
-0.547624640494649	0.681870480356085
-0.547624640494649	0.596647638480610
-0.547624640494649	0.483225143945333
-0.547624640494649	0.342529606894319
-0.547624640494649	0.175703777901279
-0.547624640494649	-0.0153931914931668
-0.547624640494649	-0.228021780929558
-0.547624640494649	-0.458620571781695
-0.547624640494649	-0.703007110363873
-0.547624640494649	-0.956652751534280
-0.547624640494649	-1.21497359540492
-0.547624640494649	-1.47359378361333
-0.547624640494649	-1.72855374237844
-0.547624640494649	-1.97645148259167
-0.547624640494649	-2.21451746597589
-0.547624640494649	-2.44063179100264
-0.547624640494649	-2.65329666418399
-0.547624640494649	-2.85157812131232
-0.547624640494649	-3.03502981473449
-0.547624640494649	-3.20360938266936
-0.547624640494649	-3.35759523310632
-0.547624640494649	-3.49750901125460
-0.547624640494649	-3.62404684715295
-0.547624640494649	-3.73802079923935
-0.547624640494649	-3.84031071224029
-0.547624640494649	-3.93182592784704
-0.547624640494649	-4.01347583651730
-0.547624640494649	-4.08614805046979
-0.547624640494649	-4.15069293481216
-0.547624640494649	-4.20791329452112
-0.547624640494649	-4.25855813405155
-0.547624640494649	-4.30331955173276
-0.547624640494649	-4.34283198181707
-0.547624640494649	-4.37767314031418
-0.547624640494649	-4.40836615965905
-0.547624640494649	-4.43538250884642
-0.547624640494649	-4.45914538944755
-0.547624640494649	-4.48003337489974
-0.547624640494649	-4.49838412238537
-0.547624640494649	-4.51449803555952
-0.547624640494649	-4.52864179442988
-0.547624640494649	-4.54105169778926
-0.547624640494649	-4.55193678548174
-0.547624640494649	-4.56148172393549
-0.230761751261178	-4.56984945006253
-0.230761751261178	-4.57718357682957
-0.230761751261178	-4.58361056936628
-0.230761751261178	-4.58924170405345
-0.230761751261178	-4.59417482513823
-0.230761751261178	-4.55693715739264
-0.230761751261178	-4.45816870754992
-0.230761751261178	-4.32446854064100
-0.230761751261178	-4.17449969247903
-0.230761751261178	-4.02064345845065
-0.230761751261178	-3.87066376819409
-0.230761751261178	-3.72909756132171
-0.230761751261178	-3.59831289349031
-0.230761751261178	-3.47927033706351
-0.230761751261178	-3.37205064794026
-0.230761751261178	-3.27621035192144
-0.230761751261178	-3.19101580363168
-0.230761751261178	-3.11559377946031
-0.230761751261178	-3.04902589445577
-0.230761751261178	-2.99040581831586
-0.230761751261178	-2.93887221561373
-0.230761751261178	-2.89362608635230
-0.230761751261178	-2.85393826544167
-0.230761751261178	-2.81915086649530
-0.230761751261178	-2.78867513479220
-0.230761751261178	-2.76198729735067
-0.230761751261178	-2.73862341942791
-0.230761751261178	-2.71817389716593
-0.230761751261178	-2.70027796862733
-0.230761751261178	-2.68461846533347
-0.230761751261178	-2.67091692383674
-0.230761751261178	-2.65892911206157
-0.230761751261178	-2.64844098506073
-0.230761751261178	-2.63926506081330
-0.230761751261178	-2.63123719304492
-0.230761751261178	-2.62421371102835
-0.230761751261178	-2.61806889346480
-0.230761751261178	-2.61269274324280
-0.230761751261178	-2.60798903107703
-0.230761751261178	-2.60387357806917
-0.230761751261178	-2.60027274967693
-0.230761751261178	-2.59712213615737
-0.230761751261178	-2.59436539710315
-0.230761751261178	-2.59195325012036
-0.230761751261178	-2.58984258595364
-0.230761751261178	-2.58799569442620
-0.230761751261178	-2.58637958742266
-0.230761751261178	-2.58496540680841
-0.230761751261178	-2.58372790666001
-0.230761751261178	-2.58264500049237
0.165972765495348	-2.58169736532520
0.165972765495348	-2.58086809544871
0.165972765495348	-2.58014239964280
0.165972765495348	-2.57950733638702
0.165972765495348	-2.57895158228577
0.165972765495348	-2.45332529493462